7.100081111040000000e+11
5.052264857600000000e+10
5.075554713600000000e+10
2.150790758400000000e+11
2.317617725440000000e+11
1.372119367680000000e+11
3.928350310400000000e+10
7.085149440000000000e+08
3.185852825600000000e+10
4.640996966400000000e+10
6.420452147200000000e+10
5.823153356800000000e+10
2.586560716800000000e+10
8.132525056000000000e+09
1.978774400000000000e+08
3.175134720000000000e+09
1.228417331200000000e+10
2.032688332800000000e+10
2.222949990400000000e+10
1.747311001600000000e+10
9.395547136000000000e+09
2.549337088000000000e+09
8.174218750000000000e+05
1.940908672000000000e+09
6.077560832000000000e+09
9.333987328000000000e+09
9.711898624000000000e+09
7.226227712000000000e+09
3.537576704000000000e+09
7.278133120000000000e+08
4.621087600000000000e+07
1.323369856000000000e+09
3.289665792000000000e+09
4.495421440000000000e+09
4.203219456000000000e+09
2.714100480000000000e+09
1.014731648000000000e+09
6.599364800000000000e+07
2.191404640000000000e+08
1.094949376000000000e+09
1.934434176000000000e+09
2.135587584000000000e+09
1.609760640000000000e+09
7.553157760000000000e+08
1.230084480000000000e+08
3.364350400000000000e+07
4.034523520000000000e+08
8.624481280000000000e+08
1.046446592000000000e+09
8.412455040000000000e+08
4.201231360000000000e+08
7.876830400000000000e+07
1.140594600000000000e+07
1.916973440000000000e+08
4.261968320000000000e+08
5.176975360000000000e+08
4.061332800000000000e+08
1.894192000000000000e+08
2.693164600000000000e+07
1.328553500000000000e+07
1.190893840000000000e+08
2.326192800000000000e+08
2.563698240000000000e+08
1.779798560000000000e+08
6.558300800000000000e+07
2.621034250000000000e+06
2.119312000000000000e+07
8.556501600000000000e+07
1.310526080000000000e+08
1.194582320000000000e+08
6.471725600000000000e+07
1.324801100000000000e+07
1.365613875000000000e+06
2.769348000000000000e+07
6.047595600000000000e+07
6.848679200000000000e+07
4.653899600000000000e+07
1.538918000000000000e+07
1.454050781250000000e+05
8.505293000000000000e+06
2.718572800000000000e+07
3.665992400000000000e+07
2.880370200000000000e+07
1.191107600000000000e+07
7.734211250000000000e+05
2.767432250000000000e+06
1.265919300000000000e+07
1.931697600000000000e+07
1.649640600000000000e+07
7.536071000000000000e+06
7.473415625000000000e+05
1.116905000000000000e+06
6.386843500000000000e+06
1.031843600000000000e+07
9.041037000000000000e+06
4.179066750000000000e+06
4.123322500000000000e+05
6.311656250000000000e+05
3.555686500000000000e+06
5.640924500000000000e+06
4.785292500000000000e+06
2.057187375000000000e+06
1.357915625000000000e+05
4.833216562500000000e+05
2.157252000000000000e+06
3.128911000000000000e+06
2.421826500000000000e+06
8.755878125000000000e+05
1.355519824218750000e+04
4.316972500000000000e+05
1.376424750000000000e+06
1.718670375000000000e+06
1.137274250000000000e+06
2.954559062500000000e+05
7.102598632812500000e+03
3.936360000000000000e+05
8.807546875000000000e+05
9.012823750000000000e+05
4.682260625000000000e+05
6.040463281250000000e+04
4.957319140625000000e+04
3.375152187500000000e+05
5.378140000000000000e+05
4.276206875000000000e+05
1.506652187500000000e+05
1.059250488281250000e+03
8.991905468750000000e+04
2.595393593750000000e+05
2.967997500000000000e+05
1.690412968750000000e+05
2.728127539062500000e+04
1.167398730468750000e+04
1.031841406250000000e+05
1.719753906250000000e+05
1.377918593750000000e+05
4.669905468750000000e+04
1.216296539306640625e+02
3.312786718750000000e+04
8.785333593750000000e+04
9.403865625000000000e+04
4.771550000000000000e+04
4.788765625000000000e+03
7.773505371093750000e+03
4.064478515625000000e+04
5.719340234375000000e+04
3.841733203125000000e+04
8.728225585937500000e+03
9.381572875976562500e+02
1.726466015625000000e+04
3.234490234375000000e+04
2.703892187500000000e+04
9.271361328125000000e+03
5.369388961791992188e+01
6.836533203125000000e+03
1.751528515625000000e+04
1.751795898437500000e+04
7.767517578125000000e+03
3.901355895996093750e+02
2.588914794921875000e+03
9.220217773437500000e+03
1.080835351562500000e+04
5.840492187500000000e+03
6.394857177734375000e+02
9.824295043945312500e+02
4.910057128906250000e+03
6.549566406250000000e+03
3.964416748046875000e+03
6.437416381835937500e+02
3.829159545898437500e+02
2.616405029296875000e+03
3.874793212890625000e+03
2.612068603515625000e+03
5.286891479492187500e+02
1.703553314208984375e+02
1.460733886718750000e+03
2.324026611328125000e+03
1.621310424804687500e+03
3.842615051269531250e+02
1.033920593261718750e+02
8.475175170898437500e+02
1.393236572265625000e+03
1.004338806152343750e+03
2.436309967041015625e+02
8.109037780761718750e+01
5.185996093750000000e+02
8.339420166015625000e+02
5.903500976562500000e+02
1.590057067871093750e+02
6.957971191406250000e+01
3.290420227050781250e+02
5.309122924804687500e+02
3.575238647460937500e+02
1.005023727416992188e+02
6.635318756103515625e+01
2.341504058837890625e+02
3.363746032714843750e+02
2.193834686279296875e+02
6.762950134277343750e+01
6.929336547851562500e+01
1.749789428710937500e+02
