2.521817907200000000e+10
1.820634112000000000e+10
1.900371558400000000e+10
3.271891456000000000e+09
1.055728128000000000e+10
1.230624153600000000e+10
8.363261440000000000e+09
5.654499200000000000e+08
2.854033152000000000e+09
4.172796928000000000e+09
3.284163072000000000e+09
1.296433920000000000e+09
5.202240000000000000e+08
1.757404544000000000e+09
2.346260480000000000e+09
1.657881856000000000e+09
5.944129280000000000e+08
1.251001400000000000e+07
2.308328000000000000e+08
7.873778560000000000e+08
1.046279616000000000e+09
7.657718400000000000e+08
2.577148320000000000e+08
1.346079000000000000e+06
1.617942720000000000e+08
4.772614080000000000e+08
5.787626880000000000e+08
3.724705920000000000e+08
8.994610400000000000e+07
4.775438000000000000e+06
1.483628320000000000e+08
3.129951680000000000e+08
3.039751680000000000e+08
1.364373280000000000e+08
9.923046000000000000e+06
3.124811200000000000e+07
1.393564640000000000e+08
1.887491040000000000e+08
1.236308640000000000e+08
2.655551200000000000e+07
3.821196000000000000e+06
6.051886400000000000e+07
1.099857200000000000e+08
8.877476800000000000e+07
2.757356200000000000e+07
1.195878437500000000e+05
2.824985200000000000e+07
6.352630800000000000e+07
5.717372400000000000e+07
2.013466400000000000e+07
5.522848632812500000e+03
1.570449200000000000e+07
3.810462800000000000e+07
3.467282800000000000e+07
1.172617800000000000e+07
1.179142871093750000e+04
1.072549900000000000e+07
2.391157000000000000e+07
1.986853200000000000e+07
5.383594500000000000e+06
2.865565937500000000e+05
8.490921000000000000e+06
1.523122900000000000e+07
1.037454400000000000e+07
1.661327000000000000e+06
9.865616875000000000e+05
7.034035500000000000e+06
9.298569000000000000e+06
4.524241000000000000e+06
1.519436875000000000e+05
1.827069625000000000e+06
5.519962000000000000e+06
5.002202000000000000e+06
1.341812125000000000e+06
1.073079375000000000e+05
2.337986000000000000e+06
3.751110500000000000e+06
2.068586375000000000e+06
1.138470312500000000e+05
6.616485625000000000e+05
2.201609000000000000e+06
1.982727375000000000e+06
4.729585000000000000e+05
8.168421093750000000e+04
1.067364750000000000e+06
1.493824750000000000e+06
6.614578125000000000e+05
3.003415039062500000e+03
4.339450625000000000e+05
9.718896250000000000e+05
6.441171875000000000e+05
5.992814062500000000e+04
1.451559687500000000e+05
5.756992500000000000e+05
5.234062812500000000e+05
1.087060468750000000e+05
3.706435546875000000e+04
3.223288125000000000e+05
3.828751875000000000e+05
1.214494296875000000e+05
5.631409667968750000e+03
1.755010468750000000e+05
2.633897500000000000e+05
1.093695234375000000e+05
8.220709991455078125e+01
9.613478906250000000e+04
1.755780625000000000e+05
8.673239843750000000e+04
6.055248413085937500e+02
5.427652734375000000e+04
1.152635234375000000e+05
6.333253125000000000e+04
1.262550903320312500e+03
3.233588867187500000e+04
7.599583593750000000e+04
4.399523046875000000e+04
1.135536621093750000e+03
2.094050390625000000e+04
5.039081250000000000e+04
2.904233789062500000e+04
6.315537719726562500e+02
1.461219140625000000e+04
3.368491015625000000e+04
1.819692578125000000e+04
1.950588073730468750e+02
1.090384765625000000e+04
2.257738281250000000e+04
1.083782812500000000e+04
2.227457046508789062e+01
8.467363281250000000e+03
1.499651464843750000e+04
6.023343750000000000e+03
1.063021545410156250e+02
6.774246582031250000e+03
9.830612304687500000e+03
2.996513916015625000e+03
3.823469238281250000e+02
5.472198730468750000e+03
6.129619140625000000e+03
1.209159667968750000e+03
7.005064697265625000e+02
4.264151367187500000e+03
3.612535888671875000e+03
3.425643005371093750e+02
9.789785766601562500e+02
3.152481933593750000e+03
1.899432128906250000e+03
4.263339233398437500e+01
1.134244628906250000e+03
2.165382080078125000e+03
8.568849487304687500e+02
4.946391296386718750e+01
1.119053710937500000e+03
1.381614135742187500e+03
2.803746337890625000e+02
1.832272796630859375e+02
9.574861450195312500e+02
7.399339599609375000e+02
5.402494049072265625e+01
3.013812866210937500e+02
7.081415405273437500e+02
3.229620056152343750e+02
2.477698516845703125e+01
3.486203613281250000e+02
4.525502929687500000e+02
1.001926422119140625e+02
7.965068054199218750e+01
3.192527160644531250e+02
2.360601348876953125e+02
2.383702278137207031e+01
1.399006958007812500e+02
2.449660644531250000e+02
8.711401367187500000e+01
3.337380981445312500e+01
1.520633544921875000e+02
1.306647796630859375e+02
2.752112197875976562e+01
6.009333038330078125e+01
1.282354278564453125e+02
5.947720718383789062e+01
2.231354713439941406e+01
7.941507720947265625e+01
7.965753173828125000e+01
2.658419036865234375e+01
3.674703216552734375e+01
6.733518981933593750e+01
4.258895874023437500e+01
2.048025894165039062e+01
4.277140045166015625e+01
4.633521270751953125e+01
2.456622123718261719e+01
2.465312576293945312e+01
4.197671508789062500e+01
3.178769302368164062e+01
2.031186676025390625e+01
3.104385948181152344e+01
3.168869590759277344e+01
2.103054237365722656e+01
2.317626953125000000e+01
2.922562789916992188e+01
2.312142944335937500e+01
2.088691139221191406e+01
2.509967422485351562e+01
2.472183990478515625e+01
2.045856666564941406e+01
2.355601882934570312e+01
2.461678314208984375e+01
2.096853446960449219e+01
2.078664398193359375e+01
2.348990249633789062e+01
2.229671096801757812e+01
2.022373199462890625e+01
2.206262207031250000e+01
2.234292221069335938e+01
2.036824798583984375e+01
2.085671234130859375e+01
2.139352416992187500e+01
2.078395080566406250e+01
2.045063972473144531e+01
2.091023063659667969e+01
2.090609169006347656e+01
2.023247146606445312e+01
2.048620605468750000e+01
2.052295684814453125e+01
2.045578002929687500e+01
2.049917411804199219e+01
2.053878402709960938e+01
2.046217346191406250e+01
2.046909523010253906e+01
2.052702713012695312e+01
2.045670700073242188e+01
2.021163558959960938e+01
2.034275627136230469e+01
2.039315032958984375e+01
2.036995697021484375e+01
2.021952819824218750e+01
2.029367256164550781e+01
2.032229614257812500e+01
2.031270217895507812e+01
2.021629142761230469e+01
2.022716140747070312e+01
2.023666000366210938e+01
2.023685073852539062e+01
2.023700714111328125e+01
2.021953964233398438e+01
2.021469306945800781e+01
2.022308349609375000e+01
2.022656631469726562e+01
2.022581481933593750e+01
2.022648239135742188e+01
2.022213363647460938e+01
2.021287155151367188e+01
2.022131729125976562e+01
2.021849441528320312e+01
2.021818733215332031e+01
2.021936988830566406e+01
2.022148895263671875e+01
2.022109222412109375e+01
2.021578598022460938e+01
2.022083473205566406e+01
2.022104263305664062e+01
2.022081375122070312e+01
2.022079849243164062e+01
2.021965408325195312e+01
2.021430969238281250e+01
2.021223449707031250e+01
2.021035385131835938e+01
2.021348190307617188e+01
2.021339416503906250e+01
2.021338653564453125e+01
2.021298980712890625e+01
2.021290969848632812e+01
2.021245384216308594e+01
2.021202850341796875e+01
2.021194076538085938e+01
2.021178054809570312e+01
2.021167182922363281e+01
2.021163558959960938e+01
2.021105957031250000e+01
2.021104049682617188e+01
2.021137046813964844e+01
2.021134948730468750e+01
2.021143341064453125e+01
2.021127319335937500e+01
2.021105766296386719e+01
2.021368789672851562e+01
2.021360015869140625e+01
2.021241760253906250e+01
2.021228981018066406e+01
2.021141242980957031e+01
2.021232986450195312e+01
2.021276473999023438e+01
2.021274566650390625e+01
2.021260261535644531e+01
2.021220397949218750e+01
2.021218490600585938e+01
2.021215438842773438e+01
2.021155929565429688e+01
2.021165084838867188e+01
2.021162986755371094e+01
2.021157836914062500e+01
2.021155929565429688e+01
2.021129417419433594e+01
2.021146011352539062e+01
2.021134185791015625e+01
2.021154785156250000e+01
2.021150016784667969e+01
2.021147918701171875e+01
2.021128845214843750e+01
2.021119689941406250e+01
2.021117782592773438e+01
2.021082878112792969e+01
2.021106147766113281e+01
2.021104240417480469e+01
2.021047210693359375e+01
2.021040725708007812e+01
2.021107864379882812e+01
2.021159362792968750e+01
2.021113777160644531e+01
2.021111869812011719e+01
2.021093750000000000e+01
2.021127700805664062e+01
2.021120834350585938e+01
2.021117019653320312e+01
2.021077728271484375e+01
2.021074676513671875e+01
2.021059036254882812e+01
2.021035766601562500e+01
2.021026611328125000e+01
2.020984458923339844e+01
2.020955085754394531e+01
2.020957565307617188e+01
2.020896148681640625e+01
2.020894622802734375e+01
2.020900344848632812e+01
2.020929336547851562e+01
2.020930099487304688e+01
2.021133041381835938e+01
2.021088981628417969e+01
2.021127319335937500e+01
2.021116828918457031e+01
2.021106719970703125e+01
2.021076774597167969e+01
2.021139144897460938e+01
2.021126556396484375e+01
2.021113967895507812e+01
2.021090316772460938e+01
2.021063613891601562e+01
2.021028518676757812e+01
2.021026229858398438e+01
2.021024131774902344e+01
2.021142196655273438e+01
2.021139526367187500e+01
2.021123123168945312e+01
2.021122550964355469e+01
2.021061706542968750e+01
2.021059608459472656e+01
2.021096038818359375e+01
2.021058082580566406e+01
2.021081352233886719e+01
2.021064376831054688e+01
2.021007728576660156e+01
2.021021652221679688e+01
2.021019744873046875e+01
2.021053314208984375e+01
2.021047210693359375e+01
2.021043777465820312e+01
2.021043395996093750e+01
2.021041488647460938e+01
2.021039390563964844e+01
2.021047401428222656e+01
2.021045303344726562e+01
2.021043395996093750e+01
2.021034622192382812e+01
2.020998001098632812e+01
2.020995712280273438e+01
2.021009445190429688e+01
2.021002578735351562e+01
2.020982742309570312e+01
2.020980834960937500e+01
2.021008682250976562e+01
2.020993232727050781e+01
2.020966529846191406e+01
2.020944213867187500e+01
2.020929336547851562e+01
2.020925903320312500e+01
2.020909690856933594e+01
2.020885467529296875e+01
2.020877838134765625e+01
2.020838546752929688e+01
2.021014022827148438e+01
2.021012115478515625e+01
2.021009826660156250e+01
2.020996093750000000e+01
2.020966720581054688e+01
2.020958518981933594e+01
2.020956039428710938e+01
2.020954132080078125e+01
2.020952033996582031e+01
2.021007537841796875e+01
2.020981216430664062e+01
2.020974349975585938e+01
2.020933341979980469e+01
2.020931243896484375e+01
2.020928955078125000e+01
2.020912933349609375e+01
2.020910453796386719e+01
2.020978164672851562e+01
2.020940780639648438e+01
2.020885086059570312e+01
2.020879364013671875e+01
2.020876884460449219e+01
2.020874786376953125e+01
2.020899581909179688e+01
2.020862960815429688e+01
2.020837783813476562e+01
2.020830917358398438e+01
2.020794677734375000e+01
2.020777130126953125e+01
2.020763397216796875e+01
2.020822143554687500e+01
2.020825767517089844e+01
2.020823669433593750e+01
2.020793342590332031e+01
2.020759773254394531e+01
2.020737648010253906e+01
2.020728683471679688e+01
2.020703506469726562e+01
2.020670318603515625e+01
2.020664596557617188e+01
2.020689010620117188e+01
2.020675277709960938e+01
2.020674514770507812e+01
2.020666313171386719e+01
2.020672607421875000e+01
2.020658683776855469e+01
2.020784759521484375e+01
2.020734024047851562e+01
2.020731353759765625e+01
2.020730209350585938e+01
2.020716094970703125e+01
2.020631790161132812e+01
2.020631790161132812e+01
2.020645141601562500e+01
2.020685958862304688e+01
2.020683288574218750e+01
2.020670890808105469e+01
2.020745849609375000e+01
2.020739555358886719e+01
2.020719146728515625e+01
2.020716857910156250e+01
2.020712280273437500e+01
2.020766448974609375e+01
2.020754432678222656e+01
2.020771789550781250e+01
2.020606422424316406e+01
2.020595550537109375e+01
2.020590209960937500e+01
2.020546340942382812e+01
2.020553970336914062e+01
2.020652389526367188e+01
2.020722579956054688e+01
2.020720291137695312e+01
2.020705223083496094e+01
2.020688247680664062e+01
2.020658111572265625e+01
2.020631408691406250e+01
2.020672225952148438e+01
2.020715332031250000e+01
2.020639038085937500e+01
2.020636367797851562e+01
2.020634078979492188e+01
2.020623397827148438e+01
2.020614624023437500e+01
2.020559692382812500e+01
2.020518112182617188e+01
2.020514106750488281e+01
2.020508575439453125e+01
2.020487976074218750e+01
2.020483779907226562e+01
2.020480918884277344e+01
2.020481300354003906e+01
2.020480728149414062e+01
2.020478248596191406e+01
2.020492935180664062e+01
2.020544433593750000e+01
2.020541000366210938e+01
2.020558166503906250e+01
2.020555496215820312e+01
2.020497512817382812e+01
2.020500946044921875e+01
2.020529174804687500e+01
2.020568847656250000e+01
2.020445823669433594e+01
2.020456314086914062e+01
2.020453643798828125e+01
2.020436477661132812e+01
2.020559120178222656e+01
2.020568275451660156e+01
2.020526504516601562e+01
2.020509719848632812e+01
2.020474433898925781e+01
2.020475959777832031e+01
2.020487976074218750e+01
2.020475578308105469e+01
2.020434570312500000e+01
2.020389175415039062e+01
2.020307922363281250e+01
2.020266914367675781e+01
2.020251464843750000e+01
2.020449447631835938e+01
2.020407485961914062e+01
2.020431900024414062e+01
2.020425224304199219e+01
2.020487022399902344e+01
2.020471572875976562e+01
2.020456314086914062e+01
2.020449638366699219e+01
2.020566940307617188e+01
2.020554351806640625e+01
2.020648956298828125e+01
2.020646286010742188e+01
2.020686721801757812e+01
2.020605468750000000e+01
2.020604324340820312e+01
2.020654678344726562e+01
2.020639228820800781e+01
2.020588684082031250e+01
2.020644569396972656e+01
2.020616340637207031e+01
2.020642089843750000e+01
2.020605468750000000e+01
2.020598602294921875e+01
2.020573806762695312e+01
2.020571136474609375e+01
2.020498085021972656e+01
2.020486068725585938e+01
2.020483207702636719e+01
2.020486259460449219e+01
2.020517730712890625e+01
2.020531463623046875e+01
2.020495796203613281e+01
2.020550155639648438e+01
2.020541763305664062e+01
2.020538711547851562e+01
2.020516967773437500e+01
2.020514106750488281e+01
2.020463752746582031e+01
2.020446395874023438e+01
2.020482254028320312e+01
2.020468521118164062e+01
2.020431137084960938e+01
2.020382118225097656e+01
2.020345306396484375e+01
2.020346450805664062e+01
2.020390319824218750e+01
2.020365715026855469e+01
2.020362854003906250e+01
2.020315742492675781e+01
2.020326614379882812e+01
2.020371246337890625e+01
2.020374488830566406e+01
2.020324325561523438e+01
2.020301246643066406e+01
2.020172882080078125e+01
2.020152664184570312e+01
2.020334625244140625e+01
2.020334625244140625e+01
2.020321846008300781e+01
2.020260620117187500e+01
2.020252227783203125e+01
2.020051002502441406e+01
2.020045471191406250e+01
2.020235443115234375e+01
2.020214080810546875e+01
2.020216941833496094e+01
2.020279693603515625e+01
2.020187568664550781e+01
2.020170021057128906e+01
2.020246124267578125e+01
2.020002365112304688e+01
2.019990921020507812e+01
2.020243644714355469e+01
2.020246505737304688e+01
2.020216369628906250e+01
2.020204544067382812e+01
2.020195198059082031e+01
2.020122909545898438e+01
2.020120048522949219e+01
2.020122528076171875e+01
2.020093154907226562e+01
2.020152282714843750e+01
2.020133972167968750e+01
2.020273590087890625e+01
2.020217132568359375e+01
2.019882965087890625e+01
2.019869613647460938e+01
2.020213317871093750e+01
2.020168113708496094e+01
2.020163726806640625e+01
2.020160865783691406e+01
2.019840431213378906e+01
2.019796752929687500e+01
2.019793701171875000e+01
2.020133972167968750e+01
2.020130920410156250e+01
2.020128059387207031e+01
2.020120620727539062e+01
2.020127487182617188e+01
2.020009040832519531e+01
2.019966125488281250e+01
2.019968986511230469e+01
2.020126533508300781e+01
2.020114707946777344e+01
2.020100402832031250e+01
2.020071792602539062e+01
2.019850921630859375e+01
2.019837188720703125e+01
2.019794845581054688e+01
2.019814872741699219e+01
2.019978332519531250e+01
2.019929504394531250e+01
2.019924926757812500e+01
2.019911193847656250e+01
2.019719123840332031e+01
2.019645309448242188e+01
2.019718170166015625e+01
2.019745254516601562e+01
2.019921875000000000e+01
2.019909286499023438e+01
2.019833755493164062e+01
2.019834518432617188e+01
2.019934082031250000e+01
2.019932937622070312e+01
2.019814300537109375e+01
2.019810104370117188e+01
2.019801712036132812e+01
2.019892501831054688e+01
2.019925498962402344e+01
2.019954299926757812e+01
2.019833946228027344e+01
2.019824600219726562e+01
2.019821739196777344e+01
2.019752693176269531e+01
2.020109176635742188e+01
2.020078468322753906e+01
2.019806098937988281e+01
2.019780349731445312e+01
2.019718360900878906e+01
2.019712829589843750e+01
2.019646072387695312e+01
2.019839859008789062e+01
2.019898605346679688e+01
2.019935226440429688e+01
2.020079612731933594e+01
2.019929313659667969e+01
2.019932174682617188e+01
2.020053863525390625e+01
2.020001983642578125e+01
2.019984054565429688e+01
2.019939422607421875e+01
2.019888496398925781e+01
2.019872093200683594e+01
2.019992256164550781e+01
2.019934082031250000e+01
2.019952011108398438e+01
2.019932937622070312e+01
2.019816207885742188e+01
2.019771575927734375e+01
2.019737625122070312e+01
2.019666290283203125e+01
2.019657516479492188e+01
2.019619369506835938e+01
2.019602584838867188e+01
2.019639587402343750e+01
2.019593811035156250e+01
2.019646453857421875e+01
2.019651794433593750e+01
2.019641685485839844e+01
2.019638442993164062e+01
2.019639015197753906e+01
2.019622802734375000e+01
2.019670104980468750e+01
2.019693756103515625e+01
2.019665527343750000e+01
2.019653320312500000e+01
2.019723892211914062e+01
2.019662857055664062e+01
2.019670295715332031e+01
2.019668197631835938e+01
2.019757461547851562e+01
2.019759559631347656e+01
2.019697189331054688e+01
2.019729614257812500e+01
2.019719696044921875e+01
2.019686317443847656e+01
2.019731330871582031e+01
2.019728851318359375e+01
2.019708251953125000e+01
2.019647598266601562e+01
2.019593238830566406e+01
2.019588088989257812e+01
2.019586944580078125e+01
2.019557952880859375e+01
2.019550704956054688e+01
2.019547271728515625e+01
2.019567108154296875e+01
2.019590568542480469e+01
2.019570922851562500e+01
2.019555091857910156e+01
2.019474029541015625e+01
2.019271087646484375e+01
2.019243240356445312e+01
2.019236373901367188e+01
2.019246482849121094e+01
2.019404602050781250e+01
2.019400405883789062e+01
2.019231414794921875e+01
2.019394302368164062e+01
2.019378280639648438e+01
2.019400978088378906e+01
2.019392776489257812e+01
2.019332885742187500e+01
2.019359970092773438e+01
2.019388961791992188e+01
2.019421386718750000e+01
2.019414520263671875e+01
2.019554901123046875e+01
2.019635391235351562e+01
2.019636535644531250e+01
2.019604110717773438e+01
2.019554519653320312e+01
2.019537162780761719e+01
2.019530105590820312e+01
2.019598770141601562e+01
2.019470787048339844e+01
2.019486999511718750e+01
2.019437408447265625e+01
2.019469451904296875e+01
2.019535446166992188e+01
2.019605255126953125e+01
2.019614219665527344e+01
2.019605636596679688e+01
2.019584274291992188e+01
2.019513702392578125e+01
2.019476509094238281e+01
2.019461631774902344e+01
2.019386100769042969e+01
2.019429397583007812e+01
2.019351196289062500e+01
2.019354629516601562e+01
2.019360733032226562e+01
2.019305610656738281e+01
2.019467544555664062e+01
2.019455337524414062e+01
2.019434547424316406e+01
2.019406509399414062e+01
2.019344902038574219e+01
2.019315338134765625e+01
2.019339370727539062e+01
2.019406509399414062e+01
2.019342231750488281e+01
2.019338607788085938e+01
2.019279670715332031e+01
2.019265747070312500e+01
2.019234085083007812e+01
2.019217872619628906e+01
2.019235992431640625e+01
2.019229125976562500e+01
2.019160461425781250e+01
2.019246292114257812e+01
2.019195175170898438e+01
2.019187736511230469e+01
2.019143295288085938e+01
2.019138526916503906e+01
2.019034576416015625e+01
2.019031143188476562e+01
2.019013214111328125e+01
2.018990707397460938e+01
2.018971252441406250e+01
2.018989944458007812e+01
2.019009017944335938e+01
2.019135284423828125e+01
2.019102859497070312e+01
2.019067001342773438e+01
2.018919754028320312e+01
2.018888854980468750e+01
2.018866157531738281e+01
2.018866729736328125e+01
2.018939208984375000e+01
2.018866539001464844e+01
2.018867492675781250e+01
2.018892478942871094e+01
2.018926239013671875e+01
2.018903732299804688e+01
2.018935394287109375e+01
2.018879699707031250e+01
2.018878555297851562e+01
2.018943405151367188e+01
2.018986511230468750e+01
2.019005966186523438e+01
2.018956756591796875e+01
2.018976974487304688e+01
2.018969917297363281e+01
2.019019699096679688e+01
2.019083404541015625e+01
2.019123458862304688e+01
2.019149780273437500e+01
2.019146347045898438e+01
2.019137573242187500e+01
2.018922042846679688e+01
2.019105529785156250e+01
2.019111061096191406e+01
2.019148254394531250e+01
2.019173049926757812e+01
2.019162750244140625e+01
2.019148635864257812e+01
2.019079589843750000e+01
2.019067192077636719e+01
2.019032478332519531e+01
2.019018745422363281e+01
2.019024276733398438e+01
2.019169235229492188e+01
2.019036483764648438e+01
2.018970870971679688e+01
2.018974876403808594e+01
2.018963623046875000e+01
2.018906784057617188e+01
2.018877220153808594e+01
2.019002532958984375e+01
2.019039535522460938e+01
2.018841552734375000e+01
2.018818283081054688e+01
2.018931579589843750e+01
2.019008827209472656e+01
2.018823051452636719e+01
2.018822097778320312e+01
2.018976593017578125e+01
2.018955230712890625e+01
2.018768501281738281e+01
2.018740844726562500e+01
2.018791961669921875e+01
2.018828582763671875e+01
2.018640899658203125e+01
2.018707084655761719e+01
2.018997192382812500e+01
2.018974876403808594e+01
2.019033813476562500e+01
2.018881034851074219e+01
2.018820953369140625e+01
2.018970680236816406e+01
2.018998336791992188e+01
2.018919754028320312e+01
2.018698883056640625e+01
2.018694877624511719e+01
2.018916130065917969e+01
2.018903923034667969e+01
2.018802070617675781e+01
2.018880081176757812e+01
2.018902206420898438e+01
2.018709945678710938e+01
2.018688583374023438e+01
2.018829727172851562e+01
2.018834114074707031e+01
2.018792724609375000e+01
2.018702697753906250e+01
2.018793106079101562e+01
2.018889999389648438e+01
2.018749237060546875e+01
2.018638610839843750e+01
2.018801116943359375e+01
2.018671035766601562e+01
2.018654823303222656e+01
2.018801498413085938e+01
2.018723487854003906e+01
2.018664550781250000e+01
2.018646621704101562e+01
2.018709182739257812e+01
2.018714523315429688e+01
2.018667221069335938e+01
2.018770599365234375e+01
2.018787765502929688e+01
2.018834877014160156e+01
2.018920898437500000e+01
2.018489265441894531e+01
2.018476867675781250e+01
2.018777275085449219e+01
2.018724441528320312e+01
2.018582153320312500e+01
2.018776130676269531e+01
2.018810844421386719e+01
2.018607711791992188e+01
2.018635749816894531e+01
2.018818092346191406e+01
2.018806838989257812e+01
2.018759155273437500e+01
2.018769454956054688e+01
2.018703269958496094e+01
2.018515777587890625e+01
2.018600082397460938e+01
2.018714332580566406e+01
2.018657302856445312e+01
2.018670463562011719e+01
2.018796157836914062e+01
2.018704223632812500e+01
2.018568801879882812e+01
2.018562889099121094e+01
2.018733596801757812e+01
2.018725204467773438e+01
2.018705749511718750e+01
2.018408966064453125e+01
2.018403053283691406e+01
2.018663787841796875e+01
2.018627548217773438e+01
2.018618011474609375e+01
2.018541336059570312e+01
2.018406677246093750e+01
2.018358993530273438e+01
2.018465042114257812e+01
2.018440246582031250e+01
2.018290710449218750e+01
2.018206405639648438e+01
2.018396759033203125e+01
2.018359756469726562e+01
2.018423652648925781e+01
2.018227195739746094e+01
2.018209457397460938e+01
2.018368911743164062e+01
2.018344688415527344e+01
2.018114089965820312e+01
2.018090438842773438e+01
2.018343544006347656e+01
2.018297195434570312e+01
2.018062973022460938e+01
2.018110847473144531e+01
2.018364906311035156e+01
2.018357849121093750e+01
2.018153381347656250e+01
2.018133926391601562e+01
2.018111419677734375e+01
2.018336677551269531e+01
2.018306350708007812e+01
2.018144226074218750e+01
2.018116188049316406e+01
2.018108940124511719e+01
2.018071365356445312e+01
2.018108940124511719e+01
2.018558311462402344e+01
2.018554306030273438e+01
2.018133163452148438e+01
2.018068695068359375e+01
2.018032455444335938e+01
2.018078804016113281e+01
2.018064880371093750e+01
2.018247032165527344e+01
2.018780899047851562e+01
2.018675613403320312e+01
2.018178939819335938e+01
2.018164253234863281e+01
2.018169975280761719e+01
2.018109703063964844e+01
2.018305778503417969e+01
2.018209457397460938e+01
2.018090438842773438e+01
2.018193435668945312e+01
2.018234443664550781e+01
2.018230438232421875e+01
2.018234443664550781e+01
2.018153762817382812e+01
2.018114852905273438e+01
2.018106842041015625e+01
2.018065261840820312e+01
2.018137359619140625e+01
2.018088150024414062e+01
2.018124580383300781e+01
2.018038558959960938e+01
2.018020820617675781e+01
2.018100738525390625e+01
2.018169403076171875e+01
2.018072319030761719e+01
2.018035125732421875e+01
2.018099784851074219e+01
2.018031501770019531e+01
2.018162155151367188e+01
2.018365859985351562e+01
2.018299293518066406e+01
2.018292617797851562e+01
2.018320083618164062e+01
2.018128204345703125e+01
2.018169593811035156e+01
2.018168258666992188e+01
2.018170547485351562e+01
2.018145751953125000e+01
2.018038749694824219e+01
2.018006134033203125e+01
2.018023109436035156e+01
2.018074417114257812e+01
2.018069076538085938e+01
2.018087959289550781e+01
2.017971611022949219e+01
