2.134840770560000000e+11
8.399520399360000000e+11
2.538083942400000000e+11
1.500105113600000000e+11
3.125426913280000000e+11
2.734103920640000000e+11
1.139792936960000000e+11
1.313142400000000000e+09
3.041564426240000000e+11
3.304645918720000000e+11
2.514054512640000000e+11
2.514864800000000000e+08
9.306913177600000000e+10
1.342131814400000000e+11
1.338079723520000000e+11
9.698947072000000000e+10
1.513396992000000000e+09
2.560886784000000000e+09
1.889267056640000000e+11
6.957373849600000000e+10
1.484057600000000000e+10
1.579959040000000000e+09
1.547777600000000000e+08
6.532428288000000000e+09
7.624102400000000000e+09
1.008821350400000000e+10
9.351982080000000000e+09
6.092021760000000000e+09
2.363062272000000000e+09
1.944785120000000000e+08
5.934636160000000000e+08
2.616506368000000000e+09
4.486760960000000000e+09
4.906818048000000000e+09
3.701245440000000000e+09
1.756398720000000000e+09
3.003242240000000000e+08
6.600940400000000000e+07
8.904663040000000000e+08
1.952934656000000000e+09
2.415160576000000000e+09
1.983585152000000000e+09
1.023869504000000000e+09
2.111172000000000000e+08
1.715127800000000000e+07
4.129556800000000000e+08
9.648750080000000000e+08
1.203627776000000000e+09
9.655884160000000000e+08
4.633957120000000000e+08
7.178037600000000000e+07
2.631369000000000000e+07
2.697869120000000000e+08
5.405331840000000000e+08
6.021088640000000000e+08
4.194623680000000000e+08
1.536108640000000000e+08
5.585739000000000000e+06
5.270176400000000000e+07
2.071997280000000000e+08
3.120578880000000000e+08
2.779360000000000000e+08
1.439613920000000000e+08
2.521431800000000000e+07
6.059286500000000000e+06
7.534162400000000000e+07
1.510927840000000000e+08
1.607171840000000000e+08
1.004058960000000000e+08
2.723342800000000000e+07
1.531882968750000000e+05
2.896242200000000000e+07
7.381424000000000000e+07
8.815608000000000000e+07
6.065340800000000000e+07
1.930698800000000000e+07
4.652078125000000000e+04
1.313610300000000000e+07
3.820996000000000000e+07
4.781629600000000000e+07
3.361437200000000000e+07
1.075903400000000000e+07
2.099329687500000000e+04
7.479071500000000000e+06
2.131445400000000000e+07
2.594916000000000000e+07
1.733313400000000000e+07
4.836274500000000000e+06
3.060281835937500000e+04
5.181914500000000000e+06
1.263898300000000000e+07
1.393168900000000000e+07
8.170846000000000000e+06
1.611837625000000000e+06
2.744752187500000000e+05
3.995890500000000000e+06
7.657166000000000000e+06
7.147794000000000000e+06
3.326532250000000000e+06
2.797041250000000000e+05
6.319346250000000000e+05
3.103821750000000000e+06
4.502794500000000000e+06
3.322376500000000000e+06
1.027122500000000000e+06
4.603742675781250000e+02
9.002301250000000000e+05
2.267409250000000000e+06
2.414592000000000000e+06
1.270030500000000000e+06
1.576646875000000000e+05
1.472889062500000000e+05
9.466843750000000000e+05
1.451417000000000000e+06
1.081528500000000000e+06
3.211271250000000000e+05
1.605117797851562500e+03
3.301582500000000000e+05
7.671746875000000000e+05
7.587890625000000000e+05
3.469584687500000000e+05
2.115339453125000000e+04
9.187710937500000000e+04
3.718657812500000000e+05
4.741454687500000000e+05
2.879920625000000000e+05
5.002691796875000000e+04
1.773856640625000000e+04
1.688997500000000000e+05
2.773326250000000000e+05
2.082162343750000000e+05
5.802637109375000000e+04
1.408222412109375000e+03
7.470034375000000000e+04
1.557651406250000000e+05
1.376475312500000000e+05
4.959416015625000000e+04
2.305509796142578125e+02
3.311320703125000000e+04
8.653035156250000000e+04
8.647026562500000000e+04
3.659946484375000000e+04
1.114394165039062500e+03
1.506359960937500000e+04
4.800752343750000000e+04
5.282350390625000000e+04
2.523284570312500000e+04
1.523306274414062500e+03
7.364264648437500000e+03
2.726744921875000000e+04
3.211653515625000000e+04
1.589539648437500000e+04
1.214665893554687500e+03
3.923593750000000000e+03
1.587365136718750000e+04
1.909144140625000000e+04
9.513834960937500000e+03
7.515610351562500000e+02
2.455663085937500000e+03
9.717032226562500000e+03
1.141449121093750000e+04
5.399914550781250000e+03
3.329772949218750000e+02
1.814079223632812500e+03
6.181255371093750000e+03
6.662500000000000000e+03
2.873982177734375000e+03
1.322162017822265625e+02
1.514690307617187500e+03
3.968400146484375000e+03
3.883191894531250000e+03
1.445764160156250000e+03
8.527366638183593750e+01
1.217811889648437500e+03
2.651115966796875000e+03
2.199216796875000000e+03
6.595700073242187500e+02
1.116376876831054688e+02
9.712861328125000000e+02
1.811462402343750000e+03
1.209869628906250000e+03
2.757522888183593750e+02
1.738767089843750000e+02
7.650587768554687500e+02
1.047286010742187500e+03
5.943927612304687500e+02
1.244589462280273438e+02
1.911273651123046875e+02
5.704730224609375000e+02
6.183050537109375000e+02
2.907882690429687500e+02
8.833380889892578125e+01
2.000247650146484375e+02
3.962162475585937500e+02
3.887851867675781250e+02
1.696228027343750000e+02
8.834555053710937500e+01
1.937144012451171875e+02
2.963719787597656250e+02
2.143797607421875000e+02
1.041070480346679688e+02
1.018470077514648438e+02
1.696649017333984375e+02
1.935645599365234375e+02
1.255421066284179688e+02
8.586372375488281250e+01
1.004515228271484375e+02
1.494118804931640625e+02
1.489304962158203125e+02
9.881411743164062500e+01
8.502062988281250000e+01
1.086062316894531250e+02
1.206811294555664062e+02
1.119045410156250000e+02
8.588509368896484375e+01
9.099040985107421875e+01
1.159189529418945312e+02
1.134215545654296875e+02
8.868926239013671875e+01
8.738180541992187500e+01
1.071085128784179688e+02
1.071084976196289062e+02
8.797695922851562500e+01
8.614743041992187500e+01
9.035313415527343750e+01
9.185051727294921875e+01
9.035276031494140625e+01
8.614199829101562500e+01
8.704151916503906250e+01
9.074198150634765625e+01
9.074214172363281250e+01
8.704408264160156250e+01
8.416936492919921875e+01
8.530891418457031250e+01
8.695385742187500000e+01
8.695384979248046875e+01
8.675447845458984375e+01
8.441641235351562500e+01
8.416481018066406250e+01
8.649505615234375000e+01
8.660900878906250000e+01
8.619975280761718750e+01
8.416635894775390625e+01
8.436747741699218750e+01
8.508750915527343750e+01
8.529405975341796875e+01
8.503408813476562500e+01
8.436119079589843750e+01
8.424038696289062500e+01
8.418885803222656250e+01
8.420278167724609375e+01
8.439617156982421875e+01
8.441081237792968750e+01
8.441091918945312500e+01
8.440808868408203125e+01
8.439400482177734375e+01
8.419209289550781250e+01
8.414221954345703125e+01
8.416159057617187500e+01
8.435715484619140625e+01
8.435803222656250000e+01
8.435882568359375000e+01
8.435832214355468750e+01
8.433352661132812500e+01
8.415067291259765625e+01
8.418878936767578125e+01
8.418778991699218750e+01
8.419851684570312500e+01
8.420515441894531250e+01
8.420404815673828125e+01
8.419942474365234375e+01
8.419845581054687500e+01
8.418822479248046875e+01
8.415336608886718750e+01
8.413119506835937500e+01
8.419921112060546875e+01
8.420174407958984375e+01
8.420174407958984375e+01
8.420173645019531250e+01
8.420417022705078125e+01
8.413063049316406250e+01
8.413706207275390625e+01
8.413663482666015625e+01
8.418886566162109375e+01
8.419155120849609375e+01
8.417338562011718750e+01
8.413440704345703125e+01
8.413439941406250000e+01
8.412944030761718750e+01
8.412689208984375000e+01
8.413022613525390625e+01
8.413596343994140625e+01
8.413595581054687500e+01
8.413621520996093750e+01
8.413688659667968750e+01
8.413687133789062500e+01
8.413687133789062500e+01
8.413793945312500000e+01
8.413789367675781250e+01
8.413183593750000000e+01
8.412957763671875000e+01
8.412956237792968750e+01
8.412846374511718750e+01
8.412467956542968750e+01
8.412667083740234375e+01
8.412666320800781250e+01
8.412576293945312500e+01
8.412507629394531250e+01
8.412322235107421875e+01
8.412329864501953125e+01
8.412425994873046875e+01
8.412657165527343750e+01
8.412651824951171875e+01
8.412649536132812500e+01
8.412649536132812500e+01
8.412648773193359375e+01
8.412648010253906250e+01
8.412647247314453125e+01
8.412556457519531250e+01
8.412509155273437500e+01
8.412847900390625000e+01
8.412846374511718750e+01
8.412816619873046875e+01
8.413174438476562500e+01
8.413265228271484375e+01
8.413263702392578125e+01
8.413107299804687500e+01
8.413250732421875000e+01
8.413270568847656250e+01
8.413388824462890625e+01
8.413322448730468750e+01
8.413320922851562500e+01
8.413355255126953125e+01
8.413440704345703125e+01
8.413439941406250000e+01
8.413274383544921875e+01
8.413273620605468750e+01
8.413272094726562500e+01
8.413273620605468750e+01
8.413354492187500000e+01
8.413372039794921875e+01
8.413360595703125000e+01
8.413422393798828125e+01
8.413404846191406250e+01
8.413439178466796875e+01
8.413528442382812500e+01
8.413405609130859375e+01
8.413404083251953125e+01
8.413366699218750000e+01
8.413588714599609375e+01
8.413587951660156250e+01
8.413561248779296875e+01
8.413549041748046875e+01
8.413479614257812500e+01
8.413507080078125000e+01
8.413505554199218750e+01
8.413702392578125000e+01
8.413490295410156250e+01
8.413301086425781250e+01
8.413626098632812500e+01
8.413594818115234375e+01
8.413562774658203125e+01
8.413548278808593750e+01
8.413632202148437500e+01
8.413552856445312500e+01
8.413556671142578125e+01
8.413566589355468750e+01
8.413529968261718750e+01
8.413494110107421875e+01
8.413574981689453125e+01
8.413873291015625000e+01
8.413685607910156250e+01
8.414155578613281250e+01
8.414121246337890625e+01
8.414200592041015625e+01
8.414199829101562500e+01
8.414187622070312500e+01
8.414131927490234375e+01
8.414176940917968750e+01
8.413904571533203125e+01
8.413668823242187500e+01
8.413640594482421875e+01
8.413639068603515625e+01
8.413545989990234375e+01
8.413460540771484375e+01
8.413459014892578125e+01
8.413491821289062500e+01
8.413278961181640625e+01
8.413123321533203125e+01
8.412865447998046875e+01
8.412962341308593750e+01
8.412777709960937500e+01
8.412220764160156250e+01
8.412211608886718750e+01
8.412602996826171875e+01
8.412857055664062500e+01
8.412855529785156250e+01
8.412863159179687500e+01
8.412872314453125000e+01
8.413098144531250000e+01
8.413096618652343750e+01
8.412823486328125000e+01
8.412524414062500000e+01
8.412524414062500000e+01
8.412326049804687500e+01
8.412307739257812500e+01
8.412243652343750000e+01
8.412370300292968750e+01
8.412363433837890625e+01
8.412377929687500000e+01
8.412946319580078125e+01
8.412945556640625000e+01
8.413201141357421875e+01
8.413134765625000000e+01
8.413133239746093750e+01
8.413168334960937500e+01
8.412208557128906250e+01
8.412202453613281250e+01
8.412259674072265625e+01
8.412300109863281250e+01
8.412047576904296875e+01
8.412933349609375000e+01
8.413008117675781250e+01
8.413081359863281250e+01
8.412221527099609375e+01
8.412220001220703125e+01
8.412220764160156250e+01
8.412084197998046875e+01
8.411681365966796875e+01
8.411686706542968750e+01
8.411692047119140625e+01
8.411913299560546875e+01
8.411929321289062500e+01
8.411618041992187500e+01
8.411746215820312500e+01
8.411764526367187500e+01
8.411682128906250000e+01
8.411257934570312500e+01
8.411494445800781250e+01
8.411738586425781250e+01
8.411737060546875000e+01
8.411821746826171875e+01
8.411810302734375000e+01
8.411809539794921875e+01
8.411793518066406250e+01
8.411679077148437500e+01
8.411679840087890625e+01
8.411795043945312500e+01
8.411792755126953125e+01
8.411791229248046875e+01
8.411790466308593750e+01
8.411795043945312500e+01
8.411737060546875000e+01
8.411731719970703125e+01
8.411740112304687500e+01
8.411735534667968750e+01
8.411968231201171875e+01
8.411959075927734375e+01
8.411533355712890625e+01
8.411642456054687500e+01
8.411640167236328125e+01
8.411698913574218750e+01
8.411810302734375000e+01
8.411805725097656250e+01
8.411756896972656250e+01
8.411710357666015625e+01
8.411967468261718750e+01
8.412039184570312500e+01
8.412276458740234375e+01
8.412203979492187500e+01
8.412332153320312500e+01
8.412307739257812500e+01
8.412284088134765625e+01
8.412282562255859375e+01
8.412281799316406250e+01
8.412384796142578125e+01
8.412409973144531250e+01
8.412704467773437500e+01
8.412735748291015625e+01
8.413014221191406250e+01
8.413007354736328125e+01
8.412991333007812500e+01
8.412985992431640625e+01
8.413025665283203125e+01
8.413134002685546875e+01
8.413018798828125000e+01
8.413023376464843750e+01
8.413026428222656250e+01
8.413083648681640625e+01
8.413351440429687500e+01
8.413349914550781250e+01
8.413421630859375000e+01
8.413160705566406250e+01
8.413213348388671875e+01
8.413090515136718750e+01
8.413098907470703125e+01
8.412948608398437500e+01
8.412976837158203125e+01
8.413024902343750000e+01
8.412702941894531250e+01
8.412731170654296875e+01
8.413034820556640625e+01
8.413186645507812500e+01
8.412837982177734375e+01
8.412651062011718750e+01
8.412761688232421875e+01
8.412517547607421875e+01
8.412496948242187500e+01
8.412693786621093750e+01
8.412909698486328125e+01
8.412678527832031250e+01
8.412626647949218750e+01
8.412580108642578125e+01
8.412513732910156250e+01
8.412474060058593750e+01
8.412666320800781250e+01
8.412203216552734375e+01
8.412201690673828125e+01
8.412200927734375000e+01
8.412176513671875000e+01
8.412159729003906250e+01
8.412220764160156250e+01
8.411990356445312500e+01
8.411879730224609375e+01
8.411332702636718750e+01
8.411334991455078125e+01
8.411463928222656250e+01
8.411360168457031250e+01
8.411620330810546875e+01
8.411333465576171875e+01
8.411188507080078125e+01
8.411397552490234375e+01
8.411351776123046875e+01
8.411405944824218750e+01
8.411263275146484375e+01
8.411217498779296875e+01
8.411213684082031250e+01
8.411132812500000000e+01
8.411473083496093750e+01
8.411577606201171875e+01
8.410942077636718750e+01
8.411043548583984375e+01
8.411135864257812500e+01
8.411782836914062500e+01
8.411636352539062500e+01
8.410865783691406250e+01
8.410583496093750000e+01
8.410399627685546875e+01
8.411151123046875000e+01
8.411264038085937500e+01
8.411380004882812500e+01
8.410704803466796875e+01
8.410699462890625000e+01
8.410926818847656250e+01
8.411869049072265625e+01
8.411656188964843750e+01
8.411329650878906250e+01
8.410772705078125000e+01
8.410530853271484375e+01
8.410536193847656250e+01
8.411125946044921875e+01
8.411160278320312500e+01
8.411179351806640625e+01
8.410050201416015625e+01
8.410249328613281250e+01
8.410585784912109375e+01
8.411096954345703125e+01
8.411088562011718750e+01
8.411074829101562500e+01
8.410998535156250000e+01
8.410928344726562500e+01
8.410899353027343750e+01
8.411119079589843750e+01
8.411299896240234375e+01
8.410960388183593750e+01
8.410913085937500000e+01
8.411238098144531250e+01
8.411328125000000000e+01
8.411444854736328125e+01
8.410935211181640625e+01
8.411164855957031250e+01
8.411692810058593750e+01
8.411719512939453125e+01
8.411722564697265625e+01
8.411676025390625000e+01
8.411510467529296875e+01
8.411454772949218750e+01
8.411847686767578125e+01
8.411834716796875000e+01
8.411833190917968750e+01
8.411929321289062500e+01
8.411393737792968750e+01
8.411392211914062500e+01
8.411849212646484375e+01
8.411886596679687500e+01
8.411885833740234375e+01
8.412071228027343750e+01
8.411492156982421875e+01
8.411356353759765625e+01
8.411914062500000000e+01
8.411850738525390625e+01
8.411979675292968750e+01
8.412092590332031250e+01
8.412015533447265625e+01
8.411993408203125000e+01
8.411383819580078125e+01
8.411151123046875000e+01
8.411965942382812500e+01
8.411801910400390625e+01
8.411801147460937500e+01
8.411810302734375000e+01
8.411685943603515625e+01
8.411198425292968750e+01
8.411195373535156250e+01
8.411880493164062500e+01
8.411865234375000000e+01
8.412177276611328125e+01
8.412351226806640625e+01
8.412448120117187500e+01
8.412407684326171875e+01
8.412609863281250000e+01
8.412488555908203125e+01
8.412088012695312500e+01
8.412271881103515625e+01
8.411992645263671875e+01
8.412027740478515625e+01
8.412035369873046875e+01
8.412023162841796875e+01
8.412104797363281250e+01
8.412105560302734375e+01
8.412079620361328125e+01
8.412228393554687500e+01
8.412512969970703125e+01
8.412511444091796875e+01
8.412509918212890625e+01
8.412475585937500000e+01
8.412528991699218750e+01
8.412513732910156250e+01
8.412542724609375000e+01
8.412120056152343750e+01
8.411550903320312500e+01
8.411859130859375000e+01
8.411587524414062500e+01
8.411565399169921875e+01
8.411386108398437500e+01
8.411131286621093750e+01
8.411162567138671875e+01
8.411160278320312500e+01
8.411244964599609375e+01
8.410777282714843750e+01
8.410764312744140625e+01
8.410867309570312500e+01
8.410864257812500000e+01
8.410527801513671875e+01
8.410449218750000000e+01
8.410322570800781250e+01
8.410521697998046875e+01
8.410482788085937500e+01
8.410321044921875000e+01
8.410312652587890625e+01
8.410420989990234375e+01
8.410439300537109375e+01
8.410311889648437500e+01
8.410375213623046875e+01
8.410424804687500000e+01
8.410504150390625000e+01
8.410808563232421875e+01
8.410865020751953125e+01
8.410848999023437500e+01
8.410848236083984375e+01
8.411052703857421875e+01
8.410919189453125000e+01
8.410934448242187500e+01
8.410932922363281250e+01
8.411038970947265625e+01
8.411045837402343750e+01
8.410720062255859375e+01
8.410591125488281250e+01
8.410406494140625000e+01
8.410446929931640625e+01
8.410318756103515625e+01
8.410339355468750000e+01
8.410340881347656250e+01
8.410339355468750000e+01
8.410459136962890625e+01
8.410467529296875000e+01
8.410656738281250000e+01
8.410649108886718750e+01
8.410865783691406250e+01
8.410872650146484375e+01
8.410974121093750000e+01
8.410977172851562500e+01
8.410949707031250000e+01
8.410762786865234375e+01
8.410961914062500000e+01
8.410903167724609375e+01
8.411165618896484375e+01
8.411316680908203125e+01
8.411467742919921875e+01
8.411466217041015625e+01
8.411429595947265625e+01
8.411428070068359375e+01
8.411437225341796875e+01
8.411495208740234375e+01
8.411493682861328125e+01
8.411487579345703125e+01
8.411521911621093750e+01
8.411541748046875000e+01
8.411540222167968750e+01
8.411534118652343750e+01
8.411609649658203125e+01
8.411614227294921875e+01
8.411528778076171875e+01
8.411641693115234375e+01
8.411850738525390625e+01
8.411871337890625000e+01
8.412007141113281250e+01
8.412110137939453125e+01
8.412149810791015625e+01
8.411528015136718750e+01
8.411520385742187500e+01
8.411110687255859375e+01
8.411143493652343750e+01
8.411101531982421875e+01
8.411272430419921875e+01
8.411312103271484375e+01
8.411606597900390625e+01
8.411767578125000000e+01
8.411604309082031250e+01
8.411222839355468750e+01
8.411232757568359375e+01
8.411231231689453125e+01
8.411214447021484375e+01
8.411866760253906250e+01
8.411917877197265625e+01
8.411973571777343750e+01
8.412004089355468750e+01
8.412086486816406250e+01
8.412144470214843750e+01
8.412025451660156250e+01
8.411936187744140625e+01
8.411681365966796875e+01
8.411710357666015625e+01
8.411689758300781250e+01
8.411794281005859375e+01
8.411948394775390625e+01
8.411969757080078125e+01
8.411934661865234375e+01
8.411878967285156250e+01
8.411800384521484375e+01
8.411946868896484375e+01
8.411788940429687500e+01
8.411819458007812500e+01
8.411668395996093750e+01
8.411559295654296875e+01
8.410977172851562500e+01
8.410523986816406250e+01
8.410343933105468750e+01
8.410376739501953125e+01
8.410432434082031250e+01
8.410623931884765625e+01
8.410534667968750000e+01
8.410189056396484375e+01
8.410145568847656250e+01
8.410289001464843750e+01
8.410085296630859375e+01
8.410102081298828125e+01
8.410317230224609375e+01
8.410307312011718750e+01
8.410504150390625000e+01
8.410926818847656250e+01
8.410868835449218750e+01
8.410934448242187500e+01
8.411298370361328125e+01
8.411112976074218750e+01
8.411110687255859375e+01
8.411127471923828125e+01
8.411125183105468750e+01
8.411316680908203125e+01
8.411252593994140625e+01
8.411117553710937500e+01
8.411372375488281250e+01
8.411445617675781250e+01
8.411405181884765625e+01
8.411545562744140625e+01
8.411541748046875000e+01
8.411511993408203125e+01
8.411338043212890625e+01
8.411427307128906250e+01
8.411131286621093750e+01
8.411129760742187500e+01
8.411138916015625000e+01
8.410968017578125000e+01
8.410966491699218750e+01
8.411244201660156250e+01
8.411232757568359375e+01
8.411224365234375000e+01
8.411222839355468750e+01
8.411217498779296875e+01
8.411259460449218750e+01
8.411183166503906250e+01
8.411266326904296875e+01
8.411280059814453125e+01
8.411392974853515625e+01
8.413216400146484375e+01
8.411731719970703125e+01
8.411670684814453125e+01
8.411234283447265625e+01
8.411245727539062500e+01
8.411386108398437500e+01
8.411235046386718750e+01
8.412953186035156250e+01
8.410738372802734375e+01
8.410575866699218750e+01
8.410649871826171875e+01
8.410520172119140625e+01
8.410356140136718750e+01
8.410315704345703125e+01
8.412232971191406250e+01
8.411731719970703125e+01
8.409576416015625000e+01
8.409635162353515625e+01
8.409613800048828125e+01
8.409587097167968750e+01
8.409548187255859375e+01
8.409668731689453125e+01
8.409509277343750000e+01
8.409280395507812500e+01
8.409764099121093750e+01
8.411322021484375000e+01
8.411074829101562500e+01
8.409819030761718750e+01
8.408904266357421875e+01
8.409049987792968750e+01
8.409355926513671875e+01
8.409298706054687500e+01
8.409307098388671875e+01
8.409964752197265625e+01
8.411553192138671875e+01
8.411392974853515625e+01
8.409864807128906250e+01
8.409368896484375000e+01
8.409287261962890625e+01
8.409310150146484375e+01
8.409447479248046875e+01
8.409635925292968750e+01
8.410352325439453125e+01
8.411865997314453125e+01
8.410289001464843750e+01
8.410565185546875000e+01
8.411964416503906250e+01
8.410408020019531250e+01
8.410190582275390625e+01
8.410300445556640625e+01
8.410417938232421875e+01
8.410563659667968750e+01
8.410564422607421875e+01
8.410401916503906250e+01
8.411959838867187500e+01
8.412006378173828125e+01
8.410301208496093750e+01
8.410575866699218750e+01
8.410644531250000000e+01
8.410686492919921875e+01
8.410514831542968750e+01
8.410186004638671875e+01
8.412030029296875000e+01
8.412340545654296875e+01
8.410345458984375000e+01
8.410164642333984375e+01
8.410176086425781250e+01
8.410079193115234375e+01
8.411873626708984375e+01
8.412176513671875000e+01
8.410164642333984375e+01
8.410471343994140625e+01
8.410691070556640625e+01
8.410372161865234375e+01
8.410356140136718750e+01
8.412257385253906250e+01
8.412142944335937500e+01
8.409870910644531250e+01
8.410008239746093750e+01
8.409993743896484375e+01
8.411467742919921875e+01
8.411569213867187500e+01
8.409729003906250000e+01
8.409648895263671875e+01
8.409409332275390625e+01
8.409424591064453125e+01
8.411117553710937500e+01
8.411116027832031250e+01
8.409727478027343750e+01
8.409697723388671875e+01
8.409671783447265625e+01
8.411354064941406250e+01
8.411396026611328125e+01
8.409485626220703125e+01
8.409280395507812500e+01
8.409292602539062500e+01
8.409141540527343750e+01
8.411194610595703125e+01
8.411100769042968750e+01
8.409404754638671875e+01
8.409329986572265625e+01
8.409344482421875000e+01
8.411045837402343750e+01
8.411166381835937500e+01
8.409506988525390625e+01
8.409542083740234375e+01
8.409327697753906250e+01
8.409363555908203125e+01
8.410955047607421875e+01
8.410919952392578125e+01
8.409027862548828125e+01
8.408729553222656250e+01
8.410405731201171875e+01
8.408808135986328125e+01
8.408889770507812500e+01
8.410659027099609375e+01
8.410678100585937500e+01
8.408909606933593750e+01
8.409047698974609375e+01
8.409243774414062500e+01
8.411029052734375000e+01
8.411154937744140625e+01
8.409444427490234375e+01
8.409798431396484375e+01
8.409735107421875000e+01
8.410900878906250000e+01
8.409822845458984375e+01
8.410755157470703125e+01
8.410638427734375000e+01
8.410337829589843750e+01
8.411261749267578125e+01
8.410112762451171875e+01
8.409426116943359375e+01
8.410580444335937500e+01
8.410620880126953125e+01
8.409256744384765625e+01
8.409272003173828125e+01
8.409474182128906250e+01
8.410071563720703125e+01
8.411163330078125000e+01
8.411456298828125000e+01
8.411138153076171875e+01
8.410330963134765625e+01
8.410270690917968750e+01
8.409954071044921875e+01
8.410048675537109375e+01
8.411031341552734375e+01
8.410891723632812500e+01
8.410836029052734375e+01
8.409539794921875000e+01
8.409172058105468750e+01
8.409352874755859375e+01
8.409617614746093750e+01
8.409623718261718750e+01
8.410552978515625000e+01
8.410751342773437500e+01
8.410737609863281250e+01
8.409906768798828125e+01
8.409854125976562500e+01
8.409901428222656250e+01
8.410915374755859375e+01
8.410993957519531250e+01
8.409953308105468750e+01
8.410105895996093750e+01
8.410058593750000000e+01
8.411064910888671875e+01
8.411084747314453125e+01
8.410147857666015625e+01
8.409949493408203125e+01
8.410881042480468750e+01
8.409920501708984375e+01
8.410828399658203125e+01
8.410001373291015625e+01
8.410989379882812500e+01
8.409970092773437500e+01
8.409860229492187500e+01
8.410711669921875000e+01
8.410582733154296875e+01
8.409825897216796875e+01
8.409725952148437500e+01
8.409683227539062500e+01
8.410655212402343750e+01
8.410671997070312500e+01
8.410449218750000000e+01
8.409421539306640625e+01
8.409384918212890625e+01
8.409433746337890625e+01
8.410412597656250000e+01
8.410392761230468750e+01
8.409237670898437500e+01
8.409640502929687500e+01
8.408848571777343750e+01
8.409022521972656250e+01
8.409886932373046875e+01
8.409968566894531250e+01
8.409011077880859375e+01
