1.807211875915527344e+01
8.297987937927246094e+00
3.229289293289184570e+00
2.505509853363037109e+00
2.570140361785888672e+00
2.860133171081542969e+00
3.924186944961547852e+00
4.486895561218261719e+00
6.686502456665039062e+00
1.358237075805664062e+01
1.443723297119140625e+01
1.391466522216796875e+01
1.013764190673828125e+01
8.189513206481933594e+00
6.700930118560791016e+00
5.513647079467773438e+00
4.716570377349853516e+00
4.298830032348632812e+00
4.210035324096679688e+00
4.405385494232177734e+00
4.851518154144287109e+00
5.502802848815917969e+00
6.275539398193359375e+00
7.043602466583251953e+00
7.663115024566650391e+00
8.015441894531250000e+00
8.045413017272949219e+00
7.775255680084228516e+00
7.290403842926025391e+00
6.707562446594238281e+00
6.140637397766113281e+00
5.676538467407226562e+00
5.366428375244140625e+00
5.230006217956542969e+00
5.264903545379638672e+00
5.453094482421875000e+00
5.761389732360839844e+00
6.139627456665039062e+00
6.522870063781738281e+00
6.841554164886474609e+00
7.037672042846679688e+00
7.080424308776855469e+00
6.974033355712890625e+00
6.754295825958251953e+00
6.476362228393554688e+00
6.199140548706054688e+00
5.972410678863525391e+00
5.829585552215576172e+00
5.785980224609375000e+00
5.840141773223876953e+00
5.975808143615722656e+00
6.164120674133300781e+00
6.367349624633789062e+00
6.545148849487304688e+00
6.663161754608154297e+00
6.701230049133300781e+00
6.658051013946533203e+00
6.550434589385986328e+00
6.407535552978515625e+00
6.262704372406005859e+00
6.145645618438720703e+00
6.077035903930664062e+00
6.065996170043945312e+00
6.109896183013916016e+00
6.195677280426025391e+00
6.302682876586914062e+00
6.406747341156005859e+00
6.485469341278076172e+00
6.523321151733398438e+00
6.515254974365234375e+00
6.467285156250000000e+00
6.394180774688720703e+00
6.315019130706787109e+00
6.248269557952880859e+00
6.207705020904541016e+00
6.200033664703369141e+00
6.224133491516113281e+00
6.271955490112304688e+00
6.330656528472900391e+00
6.385684967041015625e+00
6.424316406250000000e+00
6.438671112060546875e+00
6.427431583404541016e+00
6.395688533782958984e+00
6.353179931640625000e+00
6.311338424682617188e+00
6.280347824096679688e+00
6.266781806945800781e+00
6.272417068481445312e+00
6.294191837310791016e+00
6.325344085693359375e+00
6.357263088226318359e+00
6.381798267364501953e+00
6.393306732177734375e+00
6.389986515045166016e+00
6.374072074890136719e+00
6.350886821746826172e+00
6.327191829681396484e+00
6.309249877929687500e+00
6.301247596740722656e+00
6.304391384124755859e+00
6.316867828369140625e+00
6.334531307220458984e+00
6.352181434631347656e+00
6.365052700042724609e+00
6.370066642761230469e+00
6.366572380065917969e+00
6.356309890747070312e+00
6.342762470245361328e+00
6.329997539520263672e+00
6.321495532989501953e+00
6.319238662719726562e+00
6.323296070098876953e+00
6.331951141357421875e+00
6.342350006103515625e+00
6.351365566253662109e+00
6.356538295745849609e+00
6.356723785400390625e+00
6.352346420288085938e+00
6.345086574554443359e+00
6.337342739105224609e+00
6.331425189971923828e+00
6.328913688659667969e+00
6.330233097076416016e+00
6.334638118743896484e+00
6.340535163879394531e+00
6.346023082733154297e+00
6.349505424499511719e+00
6.350091934204101562e+00
6.347877979278564453e+00
6.343806266784667969e+00
6.339293003082275391e+00
6.335766792297363281e+00
6.334211349487304688e+00
6.334940910339355469e+00
6.337504863739013672e+00
6.340939998626708984e+00
6.344088554382324219e+00
6.345989227294921875e+00
6.346154212951660156e+00
6.344690322875976562e+00
6.342215538024902344e+00
6.339620590209960938e+00
6.337736129760742188e+00
6.337115287780761719e+00
6.337838172912597656e+00
6.339528083801269531e+00
6.341559410095214844e+00
6.343242168426513672e+00
6.344048976898193359e+00
6.343787670135498047e+00
6.342655658721923828e+00
6.341108798980712891e+00
6.339700698852539062e+00
6.338876724243164062e+00
6.338874340057373047e+00
6.339598178863525391e+00
6.340749740600585938e+00
6.341886997222900391e+00
6.342633247375488281e+00
6.342767715454101562e+00
6.342296123504638672e+00
6.341441154479980469e+00
6.340528488159179688e+00
6.339882373809814453e+00
6.339699268341064453e+00
6.339995861053466797e+00
6.340620040893554688e+00
6.341327667236328125e+00
6.341860294342041016e+00
6.342044830322265625e+00
6.341853141784667969e+00
6.341378688812255859e+00
6.340824127197265625e+00
6.340380668640136719e+00
6.340216159820556641e+00
6.340345382690429688e+00
6.340700626373291016e+00
6.341123104095458984e+00
6.341464996337890625e+00
6.341612339019775391e+00
6.341507434844970703e+00
6.341223716735839844e+00
6.340889453887939453e+00
6.340628623962402344e+00
6.340518951416015625e+00
6.340594291687011719e+00
6.340794563293457031e+00
6.341049671173095703e+00
6.341246128082275391e+00
6.341325759887695312e+00
6.341252326965332031e+00
6.341079235076904297e+00
6.340884208679199219e+00
6.340724468231201172e+00
6.340669155120849609e+00
6.340722560882568359e+00
6.340861797332763672e+00
6.341017246246337891e+00
6.341124057769775391e+00
