5.566216945648193359e+00
3.346996688842773438e+01
2.394486808776855469e+01
4.635009288787841797e+00
5.354269504547119141e+00
4.725167751312255859e+00
4.725817680358886719e+00
1.390408706665039062e+01
3.166430854797363281e+01
3.439343261718750000e+01
2.623291587829589844e+01
1.409518337249755859e+01
4.683024406433105469e+00
4.616701126098632812e+00
4.613445281982421875e+00
4.636044979095458984e+00
8.371941566467285156e+00
1.289686012268066406e+01
1.544762420654296875e+01
1.434887981414794922e+01
1.464479827880859375e+01
1.225002765655517578e+01
9.518158912658691406e+00
7.363789081573486328e+00
6.691140174865722656e+00
6.328209400177001953e+00
6.427374839782714844e+00
6.970982551574707031e+00
7.991423130035400391e+00
9.448170661926269531e+00
1.020503330230712891e+01
1.158592319488525391e+01
1.247939300537109375e+01
1.265898036956787109e+01
1.212557411193847656e+01
1.109066295623779297e+01
9.869591712951660156e+00
8.751306533813476562e+00
7.914893627166748047e+00
7.421565055847167969e+00
7.262298583984375000e+00
7.410254955291748047e+00
7.837636947631835938e+00
8.493212699890136719e+00
9.271410942077636719e+00
1.001051616668701172e+01
1.053433799743652344e+01
1.071738433837890625e+01
1.053488063812255859e+01
1.006786441802978516e+01
9.463229179382324219e+00
8.874862670898437500e+00
8.418547630310058594e+00
8.157064437866210938e+00
8.108861923217773438e+00
8.261824607849121094e+00
8.577979087829589844e+00
8.990997314453125000e+00
9.408965110778808594e+00
9.732546806335449219e+00
9.884815216064453125e+00
9.838281631469726562e+00
9.622532844543457031e+00
9.309783935546875000e+00
8.986764907836914062e+00
8.728124618530273438e+00
8.581932067871093750e+00
8.566508293151855469e+00
8.673488616943359375e+00
8.870939254760742188e+00
9.108323097229003906e+00
9.325565338134765625e+00
9.468321800231933594e+00
9.504159927368164062e+00
9.432358741760253906e+00
9.282096862792968750e+00
9.100746154785156250e+00
8.937635421752929688e+00
8.830876350402832031e+00
8.800542831420898438e+00
8.846796035766601562e+00
8.952083587646484375e+00
9.085284233093261719e+00
9.209557533264160156e+00
9.291851043701171875e+00
9.312834739685058594e+00
9.271932601928710938e+00
9.186288833618164062e+00
9.083974838256835938e+00
8.994462013244628906e+00
8.940490722656250000e+00
8.933041572570800781e+00
8.969834327697753906e+00
9.037171363830566406e+00
9.113897323608398438e+00
9.177542686462402344e+00
9.210907936096191406e+00
9.206817626953125000e+00
9.169943809509277344e+00
9.114087104797363281e+00
9.057342529296875000e+00
9.016157150268554688e+00
9.000885963439941406e+00
9.013564109802246094e+00
9.047994613647460938e+00
9.092166900634765625e+00
9.132099151611328125e+00
9.156085014343261719e+00
9.158164024353027344e+00
9.139723777770996094e+00
9.108309745788574219e+00
9.074831962585449219e+00
9.049672126770019531e+00
9.039782524108886719e+00
9.046791076660156250e+00
9.066977500915527344e+00
9.092890739440917969e+00
9.115861892700195312e+00
9.128844261169433594e+00
9.128617286682128906e+00
9.116473197937011719e+00
9.097403526306152344e+00
9.078197479248046875e+00
9.065076828002929688e+00
9.061685562133789062e+00
9.068187713623046875e+00
9.081561088562011719e+00
9.096844673156738281e+00
9.108774185180664062e+00
9.113744735717773438e+00
9.110705375671386719e+00
9.101428031921386719e+00
9.089539527893066406e+00
9.079390525817871094e+00
9.074180603027343750e+00
9.075181007385253906e+00
9.081520080566406250e+00
9.090505599975585938e+00
9.098815917968750000e+00
9.103610992431640625e+00
9.103604316711425781e+00
9.099189758300781250e+00
9.092368125915527344e+00
9.085731506347656250e+00
9.081570625305175781e+00
9.081086158752441406e+00
9.084152221679687500e+00
9.089311599731445312e+00
9.094588279724121094e+00
9.098014831542968750e+00
9.098586082458496094e+00
9.096309661865234375e+00
9.092345237731933594e+00
9.088237762451171875e+00
9.085505485534667969e+00
9.084966659545898438e+00
9.086684226989746094e+00
9.089740753173828125e+00
9.092935562133789062e+00
9.095046043395996094e+00
9.095383644104003906e+00
9.093957901000976562e+00
9.091505050659179688e+00
9.089029312133789062e+00
9.087461471557617188e+00
9.087315559387207031e+00
9.088518142700195312e+00
9.090475082397460938e+00
9.092362403869628906e+00
9.093425750732421875e+00
9.093376159667968750e+00
9.092298507690429688e+00
9.090701103210449219e+00
9.089276313781738281e+00
9.088553428649902344e+00
9.088737487792968750e+00
9.089681625366210938e+00
9.090922355651855469e+00
9.091980934143066406e+00
9.092440605163574219e+00
9.092114448547363281e+00
9.091251373291015625e+00
9.090235710144042969e+00
9.089493751525878906e+00
9.089282035827636719e+00
9.089634895324707031e+00
9.090334892272949219e+00
9.091046333312988281e+00
9.091527938842773438e+00
9.091562271118164062e+00
9.091205596923828125e+00
9.090655326843261719e+00
9.090100288391113281e+00
9.089774131774902344e+00
9.089786529541015625e+00
9.090130805969238281e+00
9.090617179870605469e+00
9.090967178344726562e+00
9.091139793395996094e+00
9.090995788574218750e+00
9.090682029724121094e+00
9.090318679809570312e+00
9.090069770812988281e+00
9.090016365051269531e+00
9.090171813964843750e+00
9.090389251708984375e+00
9.090606689453125000e+00
9.090753555297851562e+00
9.090744018554687500e+00
9.090571403503417969e+00
9.090366363525390625e+00
9.090179443359375000e+00
9.090110778808593750e+00
9.090136528015136719e+00
9.090292930603027344e+00
9.090448379516601562e+00
9.090529441833496094e+00
9.090503692626953125e+00
9.090367317199707031e+00
9.090183258056640625e+00
9.090048789978027344e+00
9.090044975280761719e+00
9.090129852294921875e+00
9.090257644653320312e+00
9.090302467346191406e+00
9.090309143066406250e+00
9.090284347534179688e+00
9.090213775634765625e+00
9.090082168579101562e+00
9.090029716491699219e+00
9.090023994445800781e+00
9.090053558349609375e+00
9.090101242065429688e+00
9.090151786804199219e+00
9.090176582336425781e+00
9.090172767639160156e+00
9.090149879455566406e+00
9.090091705322265625e+00
9.090042114257812500e+00
9.089983940124511719e+00
9.089968681335449219e+00
9.089966773986816406e+00
9.089993476867675781e+00
9.090014457702636719e+00
9.090023040771484375e+00
9.090019226074218750e+00
9.090001106262207031e+00
9.089977264404296875e+00
9.089949607849121094e+00
9.089911460876464844e+00
9.089889526367187500e+00
9.089861869812011719e+00
9.089847564697265625e+00
9.089842796325683594e+00
9.089838981628417969e+00
9.089834213256835938e+00
9.089840888977050781e+00
9.089842796325683594e+00
9.089846611022949219e+00
9.089849472045898438e+00
9.089846611022949219e+00
9.089843750000000000e+00
9.089835166931152344e+00
9.089818954467773438e+00
9.089796066284179688e+00
9.089774131774902344e+00
9.089760780334472656e+00
9.089745521545410156e+00
9.089735031127929688e+00
9.089730262756347656e+00
9.089724540710449219e+00
9.089718818664550781e+00
9.089715957641601562e+00
9.089712142944335938e+00
9.089715957641601562e+00
9.089713096618652344e+00
9.089706420898437500e+00
9.089703559875488281e+00
9.089697837829589844e+00
9.089683532714843750e+00
9.089669227600097656e+00
9.089653015136718750e+00
9.089638710021972656e+00
9.089622497558593750e+00
9.089615821838378906e+00
9.089611053466796875e+00
9.089607238769531250e+00
9.089603424072265625e+00
9.089597702026367188e+00
9.089594841003417969e+00
9.089590072631835938e+00
9.089584350585937500e+00
9.089578628540039062e+00
9.089572906494140625e+00
9.089567184448242188e+00
9.089563369750976562e+00
9.089557647705078125e+00
9.089551925659179688e+00
9.089539527893066406e+00
9.089526176452636719e+00
9.089510917663574219e+00
9.089496612548828125e+00
9.089482307434082031e+00
9.089469909667968750e+00
9.089455604553222656e+00
9.089443206787109375e+00
9.089432716369628906e+00
9.089419364929199219e+00
9.089413642883300781e+00
9.089406013488769531e+00
9.089402198791503906e+00
9.089398384094238281e+00
9.089392662048339844e+00
9.089388847351074219e+00
9.089385032653808594e+00
9.089377403259277344e+00
9.089371681213378906e+00
9.089365005493164062e+00
9.089352607727050781e+00
9.089340209960937500e+00
9.089325904846191406e+00
9.089312553405761719e+00
9.089300155639648438e+00
9.089282989501953125e+00
9.089269638061523438e+00
9.089258193969726562e+00
9.089245796203613281e+00
9.089234352111816406e+00
9.089221954345703125e+00
9.089208602905273438e+00
9.089195251464843750e+00
9.089183807373046875e+00
9.089177131652832031e+00
9.089169502258300781e+00
9.089165687561035156e+00
9.089161872863769531e+00
9.089155197143554688e+00
9.089143753051757812e+00
9.089132308959960938e+00
9.089118957519531250e+00
9.089104652404785156e+00
9.089093208312988281e+00
9.089079856872558594e+00
9.089068412780761719e+00
9.089055061340332031e+00
9.089042663574218750e+00
9.089025497436523438e+00
9.089012145996093750e+00
9.088998794555664062e+00
9.088983535766601562e+00
9.088973045349121094e+00
9.088959693908691406e+00
9.088946342468261719e+00
9.088934898376464844e+00
9.088924407958984375e+00
9.088912010192871094e+00
9.088897705078125000e+00
9.088893890380859375e+00
9.088883399963378906e+00
9.088873863220214844e+00
9.088859558105468750e+00
9.088845252990722656e+00
9.088832855224609375e+00
9.088822364807128906e+00
9.088806152343750000e+00
9.088792800903320312e+00
9.088779449462890625e+00
9.088766098022460938e+00
9.088751792907714844e+00
9.088735580444335938e+00
9.088722229003906250e+00
9.088708877563476562e+00
9.088692665100097656e+00
9.088681221008300781e+00
9.088669776916503906e+00
9.088658332824707031e+00
9.088644027709960938e+00
9.088629722595214844e+00
9.088620185852050781e+00
9.088609695434570312e+00
9.088595390319824219e+00
9.088580131530761719e+00
9.088567733764648438e+00
9.088555335998535156e+00
9.088541030883789062e+00
9.088528633117675781e+00
9.088517189025878906e+00
9.088502883911132812e+00
9.088491439819335938e+00
9.088479042053222656e+00
9.088467597961425781e+00
9.088456153869628906e+00
9.088440895080566406e+00
9.088425636291503906e+00
9.088409423828125000e+00
9.088393211364746094e+00
9.088378906250000000e+00
9.088365554809570312e+00
9.088352203369140625e+00
9.088340759277343750e+00
9.088325500488281250e+00
9.088315010070800781e+00
9.088304519653320312e+00
9.088291168212890625e+00
9.088275909423828125e+00
9.088264465332031250e+00
9.088253021240234375e+00
9.088239669799804688e+00
9.088227272033691406e+00
9.088212013244628906e+00
9.088198661804199219e+00
9.088186264038085938e+00
9.088171005249023438e+00
9.088155746459960938e+00
9.088144302368164062e+00
9.088130950927734375e+00
9.088117599487304688e+00
9.088103294372558594e+00
9.088088035583496094e+00
9.088073730468750000e+00
9.088060379028320312e+00
9.088047027587890625e+00
9.088035583496093750e+00
9.088025093078613281e+00
9.088009834289550781e+00
9.087997436523437500e+00
9.087984085083007812e+00
9.087973594665527344e+00
9.087957382202148438e+00
9.087944030761718750e+00
9.087931632995605469e+00
9.087918281555175781e+00
9.087904930114746094e+00
9.087893486022949219e+00
9.087879180908203125e+00
9.087863922119140625e+00
9.087847709655761719e+00
9.087833404541015625e+00
9.087821006774902344e+00
9.087808609008789062e+00
9.087795257568359375e+00
9.087782859802246094e+00
9.087771415710449219e+00
9.087759017944335938e+00
9.087743759155273438e+00
9.087728500366210938e+00
9.087717056274414062e+00
9.087703704833984375e+00
9.087691307067871094e+00
9.087679862976074219e+00
9.087668418884277344e+00
9.087656021118164062e+00
9.087642669677734375e+00
9.087631225585937500e+00
9.087618827819824219e+00
9.087608337402343750e+00
9.087594032287597656e+00
9.087577819824218750e+00
9.087564468383789062e+00
9.087551116943359375e+00
9.087533950805664062e+00
9.087519645690917969e+00
9.087505340576171875e+00
9.087490081787109375e+00
9.087475776672363281e+00
9.087462425231933594e+00
9.087447166442871094e+00
9.087435722351074219e+00
9.087424278259277344e+00
9.087410926818847656e+00
9.087399482727050781e+00
9.087386131286621094e+00
9.087371826171875000e+00
9.087357521057128906e+00
9.087347030639648438e+00
9.087333679199218750e+00
9.087316513061523438e+00
9.087305068969726562e+00
9.087292671203613281e+00
9.087277412414550781e+00
9.087265014648437500e+00
9.087253570556640625e+00
9.087239265441894531e+00
9.087226867675781250e+00
9.087213516235351562e+00
9.087197303771972656e+00
9.087184906005859375e+00
9.087169647216796875e+00
9.087155342102050781e+00
9.087140083312988281e+00
9.087127685546875000e+00
9.087112426757812500e+00
9.087097167968750000e+00
9.087082862854003906e+00
9.087068557739257812e+00
9.087057113647460938e+00
9.087043762207031250e+00
9.087028503417968750e+00
9.087017059326171875e+00
9.087002754211425781e+00
9.086991310119628906e+00
9.086976051330566406e+00
9.086965560913085938e+00
9.086947441101074219e+00
9.086932182312011719e+00
9.086919784545898438e+00
9.086905479431152344e+00
9.086891174316406250e+00
9.086874008178710938e+00
9.086860656738281250e+00
9.086849212646484375e+00
9.086833953857421875e+00
9.086821556091308594e+00
9.086808204650878906e+00
9.086792945861816406e+00
9.086780548095703125e+00
9.086769104003906250e+00
9.086756706237792969e+00
9.086743354797363281e+00
9.086730003356933594e+00
9.086715698242187500e+00
9.086701393127441406e+00
9.086685180664062500e+00
9.086672782897949219e+00
9.086653709411621094e+00
9.086639404296875000e+00
9.086625099182128906e+00
9.086611747741699219e+00
9.086599349975585938e+00
9.086583137512207031e+00
9.086567878723144531e+00
9.086555480957031250e+00
9.086541175842285156e+00
9.086528778076171875e+00
9.086516380310058594e+00
9.086499214172363281e+00
9.086483955383300781e+00
9.086468696594238281e+00
9.086454391479492188e+00
9.086441993713378906e+00
9.086422920227050781e+00
9.086411476135253906e+00
9.086399078369140625e+00
9.086383819580078125e+00
9.086372375488281250e+00
9.086359977722167969e+00
9.086345672607421875e+00
9.086329460144042969e+00
9.086318016052246094e+00
9.086302757263183594e+00
9.086291313171386719e+00
9.086274147033691406e+00
9.086260795593261719e+00
9.086243629455566406e+00
9.086230278015136719e+00
9.086217880249023438e+00
9.086200714111328125e+00
9.086183547973632812e+00
9.086169242858886719e+00
9.086154937744140625e+00
9.086141586303710938e+00
9.086124420166015625e+00
9.086112976074218750e+00
9.086099624633789062e+00
9.086083412170410156e+00
9.086068153381347656e+00
9.086056709289550781e+00
9.086040496826171875e+00
9.086025238037109375e+00
9.086010932922363281e+00
9.085998535156250000e+00
9.085984230041503906e+00
9.085967063903808594e+00
9.085954666137695312e+00
9.085942268371582031e+00
9.085926055908203125e+00
9.085912704467773438e+00
9.085897445678710938e+00
9.085884094238281250e+00
9.085871696472167969e+00
9.085857391357421875e+00
9.085843086242675781e+00
9.085829734802246094e+00
9.085814476013183594e+00
9.085799217224121094e+00
9.085783958435058594e+00
9.085766792297363281e+00
9.085756301879882812e+00
9.085738182067871094e+00
9.085725784301757812e+00
9.085710525512695312e+00
9.085696220397949219e+00
9.085681915283203125e+00
9.085667610168457031e+00
9.085651397705078125e+00
9.085638046264648438e+00
9.085623741149902344e+00
9.085610389709472656e+00
9.085597038269042969e+00
9.085582733154296875e+00
9.085565567016601562e+00
9.085550308227539062e+00
9.085537910461425781e+00
9.085523605346679688e+00
9.085506439208984375e+00
9.085492134094238281e+00
9.085480690002441406e+00
9.085464477539062500e+00
9.085452079772949219e+00
9.085439682006835938e+00
9.085423469543457031e+00
9.085409164428710938e+00
9.085393905639648438e+00
9.085375785827636719e+00
9.085360527038574219e+00
9.085339546203613281e+00
9.085320472717285156e+00
9.085304260253906250e+00
9.085287094116210938e+00
9.085270881652832031e+00
9.085253715515136719e+00
9.085235595703125000e+00
9.085219383239746094e+00
9.085200309753417969e+00
9.085182189941406250e+00
9.085165977478027344e+00
9.085149765014648438e+00
9.085136413574218750e+00
9.085122108459472656e+00
9.085105895996093750e+00
9.085083961486816406e+00
9.085066795349121094e+00
9.085047721862792969e+00
9.085032463073730469e+00
9.085014343261718750e+00
9.084997177124023438e+00
9.084980010986328125e+00
9.084964752197265625e+00
9.084948539733886719e+00
9.084927558898925781e+00
9.084908485412597656e+00
9.084896087646484375e+00
9.084878921508789062e+00
9.084863662719726562e+00
9.084845542907714844e+00
9.084827423095703125e+00
9.084807395935058594e+00
9.084789276123046875e+00
9.084772109985351562e+00
9.084756851196289062e+00
9.084738731384277344e+00
9.084723472595214844e+00
9.084706306457519531e+00
9.084691047668457031e+00
9.084676742553710938e+00
9.084656715393066406e+00
9.084640502929687500e+00
9.084625244140625000e+00
9.084607124328613281e+00
9.084591865539550781e+00
9.084573745727539062e+00
9.084557533264160156e+00
9.084537506103515625e+00
9.084520339965820312e+00
9.084499359130859375e+00
9.084482192993164062e+00
9.084465026855468750e+00
9.084448814392089844e+00
9.084430694580078125e+00
9.084416389465332031e+00
9.084402084350585938e+00
9.084381103515625000e+00
9.084364891052246094e+00
9.084350585937500000e+00
9.084334373474121094e+00
9.084319114685058594e+00
9.084302902221679688e+00
9.084286689758300781e+00
9.084267616271972656e+00
9.084246635437011719e+00
9.084229469299316406e+00
9.084211349487304688e+00
9.084195137023925781e+00
9.084180831909179688e+00
9.084162712097167969e+00
9.084145545959472656e+00
9.084127426147460938e+00
9.084109306335449219e+00
9.084095001220703125e+00
9.084078788757324219e+00
9.084063529968261719e+00
9.084049224853515625e+00
9.084032058715820312e+00
9.084012031555175781e+00
9.083994865417480469e+00
9.083974838256835938e+00
9.083955764770507812e+00
9.083940505981445312e+00
9.083922386169433594e+00
9.083907127380371094e+00
9.083888053894042969e+00
9.083871841430664062e+00
9.083857536315917969e+00
9.083837509155273438e+00
9.083821296691894531e+00
9.083806991577148438e+00
9.083789825439453125e+00
9.083774566650390625e+00
9.083759307861328125e+00
9.083743095397949219e+00
9.083724021911621094e+00
9.083706855773925781e+00
9.083688735961914062e+00
9.083671569824218750e+00
9.083653450012207031e+00
9.083637237548828125e+00
9.083621025085449219e+00
9.083603858947753906e+00
9.083588600158691406e+00
9.083568572998046875e+00
9.083553314208984375e+00
9.083537101745605469e+00
9.083520889282226562e+00
9.083505630493164062e+00
9.083488464355468750e+00
9.083471298217773438e+00
9.083453178405761719e+00
9.083434104919433594e+00
9.083415985107421875e+00
9.083399772644042969e+00
9.083383560180664062e+00
9.083367347717285156e+00
9.083349227905273438e+00
9.083333969116210938e+00
9.083315849304199219e+00
9.083296775817871094e+00
9.083278656005859375e+00
9.083263397216796875e+00
9.083249092102050781e+00
9.083232879638671875e+00
9.083216667175292969e+00
9.083198547363281250e+00
9.083180427551269531e+00
9.083160400390625000e+00
9.083142280578613281e+00
9.083124160766601562e+00
9.083106040954589844e+00
9.083088874816894531e+00
9.083072662353515625e+00
9.083052635192871094e+00
9.083032608032226562e+00
9.083011627197265625e+00
9.082991600036621094e+00
9.082973480224609375e+00
9.082954406738281250e+00
9.082935333251953125e+00
9.082917213439941406e+00
9.082897186279296875e+00
9.082873344421386719e+00
9.082854270935058594e+00
9.082833290100097656e+00
9.082811355590820312e+00
9.082789421081542969e+00
9.082768440246582031e+00
9.082747459411621094e+00
9.082730293273925781e+00
9.082711219787597656e+00
9.082688331604003906e+00
9.082669258117675781e+00
9.082651138305664062e+00
9.082632064819335938e+00
9.082612037658691406e+00
9.082592964172363281e+00
9.082571029663085938e+00
9.082547187805175781e+00
9.082528114318847656e+00
9.082503318786621094e+00
9.082485198974609375e+00
9.082467079162597656e+00
9.082448959350585938e+00
9.082429885864257812e+00
9.082410812377929688e+00
9.082393646240234375e+00
9.082375526428222656e+00
9.082359313964843750e+00
9.082344055175781250e+00
9.082326889038085938e+00
9.082311630249023438e+00
9.082294464111328125e+00
9.082274436950683594e+00
9.082257270812988281e+00
9.082238197326660156e+00
9.082217216491699219e+00
9.082201004028320312e+00
9.082181930541992188e+00
9.082163810729980469e+00
9.082146644592285156e+00
9.082130432128906250e+00
9.082110404968261719e+00
9.082089424133300781e+00
9.082070350646972656e+00
9.082054138183593750e+00
9.082038879394531250e+00
9.082022666931152344e+00
9.082006454467773438e+00
9.081986427307128906e+00
9.081962585449218750e+00
9.081940650939941406e+00
9.081918716430664062e+00
9.081897735595703125e+00
9.081877708435058594e+00
9.081858634948730469e+00
9.081835746765136719e+00
9.081816673278808594e+00
9.081795692443847656e+00
9.081772804260253906e+00
9.081750869750976562e+00
9.081731796264648438e+00
9.081715583801269531e+00
9.081696510314941406e+00
9.081677436828613281e+00
9.081657409667968750e+00
9.081636428833007812e+00
9.081615447998046875e+00
9.081589698791503906e+00
9.081568717956542969e+00
9.081546783447265625e+00
9.081526756286621094e+00
9.081508636474609375e+00
9.081493377685546875e+00
9.081475257873535156e+00
9.081447601318359375e+00
9.081429481506347656e+00
9.081409454345703125e+00
9.081387519836425781e+00
9.081368446350097656e+00
9.081350326538085938e+00
9.081330299377441406e+00
9.081312179565429688e+00
9.081290245056152344e+00
9.081267356872558594e+00
9.081245422363281250e+00
9.081217765808105469e+00
9.081198692321777344e+00
9.081177711486816406e+00
9.081159591674804688e+00
9.081138610839843750e+00
9.081117630004882812e+00
9.081096649169921875e+00
9.081073760986328125e+00
9.081055641174316406e+00
9.081034660339355469e+00
9.081014633178710938e+00
9.080990791320800781e+00
9.080970764160156250e+00
9.080948829650878906e+00
9.080927848815917969e+00
9.080905914306640625e+00
9.080884933471679688e+00
9.080863952636718750e+00
9.080838203430175781e+00
9.080819129943847656e+00
9.080799102783203125e+00
9.080777168273925781e+00
9.080756187438964844e+00
9.080737113952636719e+00
9.080718040466308594e+00
9.080697059631347656e+00
9.080677032470703125e+00
9.080655097961425781e+00
9.080635070800781250e+00
9.080613136291503906e+00
9.080591201782226562e+00
9.080566406250000000e+00
9.080543518066406250e+00
9.080523490905761719e+00
9.080502510070800781e+00
9.080483436584472656e+00
9.080463409423828125e+00
9.080442428588867188e+00
9.080421447753906250e+00
9.080400466918945312e+00
9.080379486083984375e+00
9.080358505249023438e+00
9.080340385437011719e+00
9.080317497253417969e+00
9.080295562744140625e+00
9.080273628234863281e+00
9.080251693725585938e+00
9.080231666564941406e+00
9.080208778381347656e+00
9.080188751220703125e+00
9.080166816711425781e+00
9.080146789550781250e+00
9.080128669738769531e+00
9.080104827880859375e+00
9.080085754394531250e+00
9.080064773559570312e+00
9.080044746398925781e+00
9.080025672912597656e+00
9.080002784729003906e+00
9.079983711242675781e+00
9.079962730407714844e+00
9.079937934875488281e+00
9.079916000366210938e+00
9.079895973205566406e+00
9.079874038696289062e+00
9.079854965209960938e+00
9.079831123352050781e+00
9.079811096191406250e+00
9.079790115356445312e+00
9.079767227172851562e+00
9.079750061035156250e+00
9.079729080200195312e+00
9.079706192016601562e+00
9.079685211181640625e+00
9.079665184020996094e+00
9.079644203186035156e+00
9.079624176025390625e+00
9.079600334167480469e+00
9.079578399658203125e+00
9.079555511474609375e+00
9.079534530639648438e+00
9.079515457153320312e+00
9.079495429992675781e+00
9.079475402832031250e+00
9.079453468322753906e+00
9.079429626464843750e+00
9.079409599304199219e+00
9.079390525817871094e+00
9.079370498657226562e+00
9.079350471496582031e+00
9.079329490661621094e+00
9.079305648803710938e+00
9.079284667968750000e+00
9.079261779785156250e+00
9.079236984252929688e+00
9.079217910766601562e+00
9.079195976257324219e+00
9.079175949096679688e+00
9.079153060913085938e+00
9.079133033752441406e+00
9.079113960266113281e+00
9.079092025756835938e+00
9.079071998596191406e+00
9.079050064086914062e+00
9.079030990600585938e+00
9.079010009765625000e+00
9.078988075256347656e+00
9.078967094421386719e+00
9.078948020935058594e+00
9.078926086425781250e+00
9.078904151916503906e+00
9.078882217407226562e+00
9.078858375549316406e+00
9.078837394714355469e+00
9.078816413879394531e+00
9.078797340393066406e+00
9.078778266906738281e+00
9.078754425048828125e+00
9.078734397888183594e+00
9.078712463378906250e+00
9.078692436218261719e+00
9.078671455383300781e+00
9.078652381896972656e+00
9.078632354736328125e+00
9.078612327575683594e+00
9.078585624694824219e+00
9.078564643859863281e+00
9.078542709350585938e+00
9.078520774841308594e+00
9.078498840332031250e+00
9.078476905822753906e+00
9.078456878662109375e+00
9.078437805175781250e+00
9.078415870666503906e+00
9.078393936157226562e+00
9.078374862670898438e+00
9.078351020812988281e+00
9.078330993652343750e+00
9.078311920166015625e+00
9.078291893005371094e+00
9.078268051147460938e+00
9.078247070312500000e+00
9.078222274780273438e+00
9.078201293945312500e+00
9.078179359436035156e+00
9.078158378601074219e+00
9.078134536743164062e+00
9.078115463256835938e+00
9.078095436096191406e+00
9.078072547912597656e+00
9.078052520751953125e+00
9.078030586242675781e+00
9.078008651733398438e+00
9.077986717224121094e+00
9.077968597412109375e+00
9.077946662902832031e+00
9.077924728393554688e+00
9.077900886535644531e+00
