2.412294769287109375e+01
1.643681716918945312e+01
1.687790679931640625e+01
1.157257843017578125e+01
1.686357688903808594e+01
1.990970611572265625e+01
1.633846473693847656e+01
1.175836753845214844e+01
1.202623367309570312e+01
1.227869415283203125e+01
1.207264137268066406e+01
1.216973495483398438e+01
1.396885776519775391e+01
1.604716110229492188e+01
1.693534851074218750e+01
1.769035530090332031e+01
1.521260356903076172e+01
1.299638175964355469e+01
1.175091266632080078e+01
1.140037345886230469e+01
1.136814785003662109e+01
1.140551376342773438e+01
1.171550941467285156e+01
1.256604957580566406e+01
1.381710529327392578e+01
1.488065814971923828e+01
1.516696929931640625e+01
1.456423664093017578e+01
1.348532962799072266e+01
1.249069118499755859e+01
1.188743877410888672e+01
1.165297126770019531e+01
1.166233253479003906e+01
1.132701873779296875e+01
1.186279392242431641e+01
1.258500957489013672e+01
1.320524024963378906e+01
1.341625118255615234e+01
1.313228225708007812e+01
1.254453277587890625e+01
1.195097732543945312e+01
1.155110359191894531e+01
1.139170455932617188e+01
1.145238304138183594e+01
1.171503925323486328e+01
1.213022994995117188e+01
1.255915737152099609e+01
1.281154823303222656e+01
1.277159881591796875e+01
1.248367309570312500e+01
1.210831546783447266e+01
1.180409908294677734e+01
1.165341567993164062e+01
1.167216300964355469e+01
1.184246921539306641e+01
1.211095428466796875e+01
1.237595558166503906e+01
1.251995277404785156e+01
1.248079586029052734e+01
1.229359054565429688e+01
1.205982685089111328e+01
1.187940216064453125e+01
1.180821037292480469e+01
1.185704135894775391e+01
1.200121784210205078e+01
1.218257331848144531e+01
1.232189369201660156e+01
1.235617923736572266e+01
1.227707481384277344e+01
1.213339805603027344e+01
1.199632072448730469e+01
1.192094326019287109e+01
1.192934799194335938e+01
1.201117229461669922e+01
1.212831878662109375e+01
1.222675514221191406e+01
1.226091098785400391e+01
1.221918010711669922e+01
1.212908077239990234e+01
1.203786945343017578e+01
1.198613262176513672e+01
1.199190998077392578e+01
1.204765415191650391e+01
1.212486457824707031e+01
1.218563270568847656e+01
1.220120143890380859e+01
1.216759777069091797e+01
1.210629177093505859e+01
1.204985809326171875e+01
1.202436256408691406e+01
1.203859519958496094e+01
1.208242702484130859e+01
1.213244533538818359e+01
1.216307353973388672e+01
1.216017913818359375e+01
1.212827873229980469e+01
1.208651638031005859e+01
1.205690193176269531e+01
1.205287456512451172e+01
1.207413291931152344e+01
1.210776519775390625e+01
1.213541126251220703e+01
1.214301490783691406e+01
1.212826251983642578e+01
1.210112094879150391e+01
1.207711315155029297e+01
1.206849861145019531e+01
1.207832527160644531e+01
1.209976673126220703e+01
1.212033367156982422e+01
1.212890052795410156e+01
1.212182235717773438e+01
1.210446739196777344e+01
1.208733367919921875e+01
1.207973098754882812e+01
1.208494663238525391e+01
1.209894084930419922e+01
1.211315536499023438e+01
1.211955070495605469e+01
1.211519813537597656e+01
1.210354137420654297e+01
1.209193134307861328e+01
1.208693981170654297e+01
1.209078121185302734e+01
1.210045623779296875e+01
1.210984134674072266e+01
1.211349582672119141e+01
1.210978126525878906e+01
1.210156726837158203e+01
1.209409904479980469e+01
1.209167575836181641e+01
1.209523963928222656e+01
1.210213375091552734e+01
1.210795783996582031e+01
1.210928440093994141e+01
1.210570049285888672e+01
1.209982776641845703e+01
1.209544563293457031e+01
1.209508895874023438e+01
1.209854888916015625e+01
1.210337066650390625e+01
1.210647201538085938e+01
1.210604286193847656e+01
1.210268020629882812e+01
1.209875774383544922e+01
1.209675502777099609e+01
1.209775066375732422e+01
1.210081291198730469e+01
1.210383415222167969e+01
1.210486316680908203e+01
1.210343265533447266e+01
1.210067844390869141e+01
1.209845733642578125e+01
1.209814739227294922e+01
1.209978294372558594e+01
1.210207653045654297e+01
1.210349082946777344e+01
1.210317420959472656e+01
1.210148429870605469e+01
1.209965801239013672e+01
1.209889602661132812e+01
1.209958362579345703e+01
1.210112571716308594e+01
1.210239982604980469e+01
1.210258579254150391e+01
1.210162067413330078e+01
1.210028457641601562e+01
1.209950160980224609e+01
1.209970664978027344e+01
1.210070323944091797e+01
1.210170936584472656e+01
1.210201549530029297e+01
1.210145950317382812e+01
1.210051536560058594e+01
1.209986114501953125e+01
1.209990501403808594e+01
1.210052490234375000e+01
1.210122966766357422e+01
1.210152626037597656e+01
1.210119152069091797e+01
1.210055255889892578e+01
1.210004138946533203e+01
1.210002517700195312e+01
1.210043334960937500e+01
1.210094070434570312e+01
1.210115623474121094e+01
1.210096454620361328e+01
1.210053253173828125e+01
1.210017776489257812e+01
1.210012722015380859e+01
1.210035610198974609e+01
1.210067653656005859e+01
1.210085964202880859e+01
1.210074615478515625e+01
1.210043811798095703e+01
1.210019302368164062e+01
1.210016632080078125e+01
1.210033226013183594e+01
1.210052108764648438e+01
1.210060787200927734e+01
1.210048866271972656e+01
1.210028076171875000e+01
1.210015106201171875e+01
1.210014915466308594e+01
1.210026359558105469e+01
1.210042381286621094e+01
1.210043239593505859e+01
1.210032272338867188e+01
1.210017299652099609e+01
1.210007572174072266e+01
1.210008621215820312e+01
1.210018348693847656e+01
1.210027694702148438e+01
1.210027503967285156e+01
1.210017299652099609e+01
1.210006427764892578e+01
1.210002708435058594e+01
1.210003948211669922e+01
1.210011386871337891e+01
1.210013198852539062e+01
1.210011196136474609e+01
1.210002231597900391e+01
1.209997081756591797e+01
1.209994983673095703e+01
1.209994125366210938e+01
1.209999179840087891e+01
1.209997653961181641e+01
1.209995365142822266e+01
1.209986305236816406e+01
1.209983921051025391e+01
1.209983253479003906e+01
1.209985637664794922e+01
1.209986972808837891e+01
1.209986114501953125e+01
1.209983634948730469e+01
1.209979820251464844e+01
1.209975337982177734e+01
1.209973239898681641e+01
1.209971714019775391e+01
1.209971904754638672e+01
1.209971237182617188e+01
1.209969711303710938e+01
1.209967994689941406e+01
1.209966087341308594e+01
1.209963512420654297e+01
1.209961032867431641e+01
1.209958362579345703e+01
1.209956073760986328e+01
1.209954071044921875e+01
1.209952163696289062e+01
1.209950542449951172e+01
1.209949493408203125e+01
1.209947872161865234e+01
1.209946250915527344e+01
1.209944534301757812e+01
1.209942626953125000e+01
1.209940910339355469e+01
1.209938716888427734e+01
1.209936237335205078e+01
1.209933853149414062e+01
1.209931755065917969e+01
1.209929656982421875e+01
1.209927940368652344e+01
1.209926414489746094e+01
1.209924793243408203e+01
1.209923362731933594e+01
1.209921360015869141e+01
1.209919643402099609e+01
1.209917736053466797e+01
1.209915924072265625e+01
1.209913825988769531e+01
1.209912204742431641e+01
1.209910297393798828e+01
1.209908294677734375e+01
1.209906482696533203e+01
1.209904384613037109e+01
1.209902572631835938e+01
1.209900474548339844e+01
1.209898662567138672e+01
1.209896755218505859e+01
1.209894752502441406e+01
1.209892559051513672e+01
1.209890842437744141e+01
1.209888648986816406e+01
1.209886741638183594e+01
1.209884643554687500e+01
1.209882831573486328e+01
1.209880828857421875e+01
1.209879016876220703e+01
1.209876918792724609e+01
1.209874725341796875e+01
1.209872817993164062e+01
1.209870815277099609e+01
1.209868907928466797e+01
1.209866905212402344e+01
1.209864997863769531e+01
1.209863281250000000e+01
1.209861373901367188e+01
1.209859275817871094e+01
1.209857177734375000e+01
1.209855461120605469e+01
1.209853553771972656e+01
1.209851455688476562e+01
1.209849452972412109e+01
1.209847640991210938e+01
1.209845733642578125e+01
1.209843730926513672e+01
1.209841537475585938e+01
1.209839820861816406e+01
1.209837722778320312e+01
1.209835910797119141e+01
1.209834003448486328e+01
1.209832000732421875e+01
1.209830093383789062e+01
1.209828281402587891e+01
1.209826087951660156e+01
1.209824180603027344e+01
1.209821987152099609e+01
1.209820270538330078e+01
1.209818363189697266e+01
1.209816551208496094e+01
1.209814453125000000e+01
1.209812641143798828e+01
1.209810447692871094e+01
1.209808444976806641e+01
1.209806537628173828e+01
1.209804725646972656e+01
1.209802722930908203e+01
1.209800815582275391e+01
1.209798812866210938e+01
1.209796714782714844e+01
1.209794712066650391e+01
1.209792709350585938e+01
1.209790802001953125e+01
1.209788703918457031e+01
1.209786891937255859e+01
1.209784889221191406e+01
1.209782981872558594e+01
1.209780979156494141e+01
1.209779071807861328e+01
1.209776878356933594e+01
1.209775066375732422e+01
1.209772968292236328e+01
1.209770965576171875e+01
1.209769058227539062e+01
1.209767055511474609e+01
1.209765052795410156e+01
1.209762954711914062e+01
1.209761142730712891e+01
1.209758949279785156e+01
1.209757041931152344e+01
1.209755134582519531e+01
1.209753131866455078e+01
1.209750938415527344e+01
1.209749031066894531e+01
1.209747028350830078e+01
1.209745025634765625e+01
1.209742832183837891e+01
1.209740924835205078e+01
1.209738922119140625e+01
1.209736824035644531e+01
1.209734821319580078e+01
1.209732913970947266e+01
1.209730911254882812e+01
1.209728717803955078e+01
1.209726810455322266e+01
1.209724807739257812e+01
1.209722614288330078e+01
1.209720802307128906e+01
1.209718704223632812e+01
1.209716796875000000e+01
1.209714603424072266e+01
1.209712791442871094e+01
1.209710693359375000e+01
1.209708786010742188e+01
1.209706497192382812e+01
1.209704494476318359e+01
1.209702301025390625e+01
1.209700107574462891e+01
1.209698009490966797e+01
1.209695529937744141e+01
1.209693336486816406e+01
1.209691429138183594e+01
1.209689235687255859e+01
1.209687232971191406e+01
1.209685039520263672e+01
1.209682846069335938e+01
1.209680652618408203e+01
1.209678459167480469e+01
1.209676265716552734e+01
1.209674072265625000e+01
1.209672164916992188e+01
1.209669876098632812e+01
1.209667968750000000e+01
1.209665679931640625e+01
1.209663486480712891e+01
1.209661102294921875e+01
1.209659099578857422e+01
1.209657001495361328e+01
1.209654617309570312e+01
1.209652614593505859e+01
1.209650421142578125e+01
1.209648323059082031e+01
1.209646129608154297e+01
1.209643840789794922e+01
1.209641742706298828e+01
1.209639358520507812e+01
1.209637165069580078e+01
1.209635162353515625e+01
1.209632778167724609e+01
1.209630775451660156e+01
1.209628391265869141e+01
1.209626197814941406e+01
1.209624004364013672e+01
1.209621810913085938e+01
1.209619712829589844e+01
1.209617424011230469e+01
1.209615230560302734e+01
1.209613037109375000e+01
1.209610748291015625e+01
1.209608364105224609e+01
1.209606170654296875e+01
1.209603977203369141e+01
1.209602069854736328e+01
1.209599590301513672e+01
1.209597396850585938e+01
1.209595203399658203e+01
1.209593009948730469e+01
1.209590721130371094e+01
1.209588336944580078e+01
1.209586143493652344e+01
1.209583950042724609e+01
1.209581756591796875e+01
1.209579563140869141e+01
1.209577560424804688e+01
1.209575080871582031e+01
1.209572792053222656e+01
1.209570598602294922e+01
1.209568405151367188e+01
1.209566116333007812e+01
1.209563922882080078e+01
1.209561538696289062e+01
1.209559535980224609e+01
1.209556865692138672e+01
1.209554195404052734e+01
1.209551525115966797e+01
1.209549236297607422e+01
1.209546375274658203e+01
1.209543800354003906e+01
1.209541034698486328e+01
1.209538555145263672e+01
1.209536170959472656e+01
1.209533214569091797e+01
1.209530639648437500e+01
1.209528064727783203e+01
1.209525394439697266e+01
1.209522819519042969e+01
1.209520244598388672e+01
1.209517669677734375e+01
1.209515094757080078e+01
1.209512233734130859e+01
1.209509563446044922e+01
1.209507179260253906e+01
1.209504508972167969e+01
1.209501743316650391e+01
1.209499263763427734e+01
1.209496593475341797e+01
1.209494113922119141e+01
1.209491443634033203e+01
1.209488677978515625e+01
1.209486007690429688e+01
1.209483528137207031e+01
1.209480667114257812e+01
1.209478282928466797e+01
1.209475612640380859e+01
1.209472942352294922e+01
1.209470176696777344e+01
1.209467506408691406e+01
1.209465122222900391e+01
1.209462642669677734e+01
1.209459686279296875e+01
1.209457015991210938e+01
1.209454345703125000e+01
1.209451866149902344e+01
1.209449005126953125e+01
1.209446334838867188e+01
1.209443759918212891e+01
1.209441184997558594e+01
1.209438514709472656e+01
1.209435749053955078e+01
1.209433269500732422e+01
1.209430408477783203e+01
1.209427738189697266e+01
1.209425067901611328e+01
1.209422588348388672e+01
1.209419918060302734e+01
1.209417152404785156e+01
1.209414386749267578e+01
1.209411621093750000e+01
1.209408950805664062e+01
1.209406089782714844e+01
1.209403610229492188e+01
1.209400844573974609e+01
1.209398174285888672e+01
1.209395408630371094e+01
1.209392929077148438e+01
1.209390163421630859e+01
1.209387683868408203e+01
1.209384918212890625e+01
1.209382057189941406e+01
1.209379386901855469e+01
1.209376621246337891e+01
1.209373569488525391e+01
1.209370994567871094e+01
1.209368133544921875e+01
1.209365463256835938e+01
1.209362792968750000e+01
1.209359836578369141e+01
1.209357166290283203e+01
1.209354591369628906e+01
1.209351539611816406e+01
1.209348869323730469e+01
1.209345912933349609e+01
1.209343051910400391e+01
1.209340286254882812e+01
1.209337425231933594e+01
1.209334564208984375e+01
1.209331798553466797e+01
1.209328651428222656e+01
1.209325790405273438e+01
1.209323024749755859e+01
1.209320354461669922e+01
1.209317111968994141e+01
1.209314346313476562e+01
1.209311485290527344e+01
1.209308815002441406e+01
1.209305953979492188e+01
1.209302997589111328e+01
1.209300327301025391e+01
1.209297466278076172e+01
1.209294509887695312e+01
1.209291648864746094e+01
1.209288787841796875e+01
1.209286212921142578e+01
1.209283161163330078e+01
1.209280395507812500e+01
1.209277629852294922e+01
1.209274864196777344e+01
1.209271717071533203e+01
1.209268760681152344e+01
1.209266090393066406e+01
1.209263420104980469e+01
1.209260272979736328e+01
1.209257793426513672e+01
1.209254646301269531e+01
1.209251976013183594e+01
1.209249019622802734e+01
1.209246063232421875e+01
1.209243392944335938e+01
1.209240436553955078e+01
1.209237575531005859e+01
1.209234619140625000e+01
1.209231662750244141e+01
1.209228897094726562e+01
1.209225940704345703e+01
1.209222984313964844e+01
1.209220218658447266e+01
1.209217548370361328e+01
1.209214591979980469e+01
1.209211635589599609e+01
1.209208774566650391e+01
1.209206199645996094e+01
1.209203243255615234e+01
1.209199905395507812e+01
1.209197044372558594e+01
1.209194374084472656e+01
1.209191322326660156e+01
1.209188270568847656e+01
1.209185314178466797e+01
1.209182357788085938e+01
1.209179687500000000e+01
1.209176635742187500e+01
1.209173488616943359e+01
1.209170627593994141e+01
1.209167766571044922e+01
1.209164810180664062e+01
1.209161853790283203e+01
1.209158802032470703e+01
1.209156036376953125e+01
1.209153079986572266e+01
1.209150314331054688e+01
1.209147262573242188e+01
1.209144020080566406e+01
1.209141159057617188e+01
1.209138202667236328e+01
1.209135532379150391e+01
1.209132289886474609e+01
1.209129142761230469e+01
1.209126091003417969e+01
1.209123134613037109e+01
1.209120273590087891e+01
1.209117412567138672e+01
1.209114646911621094e+01
1.209111595153808594e+01
1.209108352661132812e+01
1.209105300903320312e+01
1.209102439880371094e+01
1.209099578857421875e+01
1.209096527099609375e+01
1.209093761444091797e+01
1.209090805053710938e+01
1.209088039398193359e+01
1.209084701538085938e+01
1.209081649780273438e+01
1.209078598022460938e+01
1.209075641632080078e+01
1.209072875976562500e+01
1.209069824218750000e+01
1.209066867828369141e+01
1.209064006805419922e+01
1.209060668945312500e+01
1.209057712554931641e+01
1.209054946899414062e+01
1.209051895141601562e+01
1.209049034118652344e+01
1.209045982360839844e+01
1.209042930603027344e+01
1.209039878845214844e+01
1.209036636352539062e+01
1.209033679962158203e+01
1.209030914306640625e+01
1.209028053283691406e+01
1.209024620056152344e+01
1.209021759033203125e+01
1.209018898010253906e+01
1.209016036987304688e+01
1.209012794494628906e+01
1.209009742736816406e+01
1.209006690979003906e+01
1.209003925323486328e+01
1.209000873565673828e+01
1.208997821807861328e+01
1.208994865417480469e+01
1.208991909027099609e+01
1.208988571166992188e+01
1.208985519409179688e+01
1.208982658386230469e+01
1.208979892730712891e+01
1.208976840972900391e+01
1.208973598480224609e+01
1.208970737457275391e+01
1.208967494964599609e+01
1.208964347839355469e+01
1.208961391448974609e+01
1.208958244323730469e+01
1.208955478668212891e+01
1.208952426910400391e+01
1.208949089050292969e+01
1.208946323394775391e+01
1.208943271636962891e+01
1.208940029144287109e+01
1.208936977386474609e+01
1.208933925628662109e+01
1.208931255340576172e+01
1.208928108215332031e+01
1.208924961090087891e+01
1.208922004699707031e+01
1.208918952941894531e+01
1.208915805816650391e+01
1.208912563323974609e+01
1.208909320831298828e+01
1.208906269073486328e+01
1.208902931213378906e+01
1.208899784088134766e+01
1.208896636962890625e+01
1.208893585205078125e+01
1.208890247344970703e+01
1.208887100219726562e+01
1.208883762359619141e+01
1.208880615234375000e+01
1.208877563476562500e+01
1.208874225616455078e+01
1.208871173858642578e+01
1.208868026733398438e+01
1.208864784240722656e+01
1.208861541748046875e+01
1.208858489990234375e+01
1.208855438232421875e+01
1.208852005004882812e+01
1.208848857879638672e+01
1.208845806121826172e+01
1.208842754364013672e+01
1.208839321136474609e+01
1.208836174011230469e+01
1.208832931518554688e+01
1.208829975128173828e+01
1.208826637268066406e+01
1.208823490142822266e+01
1.208820343017578125e+01
1.208817100524902344e+01
1.208813858032226562e+01
1.208810520172119141e+01
1.208807659149169922e+01
1.208804416656494141e+01
1.208801174163818359e+01
1.208797836303710938e+01
1.208794784545898438e+01
1.208791637420654297e+01
1.208788204193115234e+01
1.208784866333007812e+01
1.208781719207763672e+01
1.208778476715087891e+01
1.208775234222412109e+01
1.208771991729736328e+01
1.208768844604492188e+01
1.208765602111816406e+01
1.208762359619140625e+01
1.208759021759033203e+01
1.208755874633789062e+01
1.208752822875976562e+01
1.208749103546142578e+01
1.208746051788330078e+01
1.208742809295654297e+01
1.208739662170410156e+01
1.208736228942871094e+01
1.208732986450195312e+01
1.208729743957519531e+01
1.208726596832275391e+01
1.208723354339599609e+01
1.208720207214355469e+01
1.208717060089111328e+01
1.208713626861572266e+01
1.208710289001464844e+01
1.208707046508789062e+01
1.208703899383544922e+01
1.208700561523437500e+01
1.208696746826171875e+01
1.208693122863769531e+01
1.208689975738525391e+01
1.208686637878417969e+01
1.208683395385742188e+01
1.208680152893066406e+01
1.208676719665527344e+01
1.208673572540283203e+01
1.208670520782470703e+01
1.208667278289794922e+01
1.208664035797119141e+01
1.208660411834716797e+01
1.208656692504882812e+01
1.208652973175048828e+01
1.208649444580078125e+01
1.208645915985107422e+01
1.208642196655273438e+01
1.208638572692871094e+01
1.208634853363037109e+01
1.208631229400634766e+01
1.208627700805664062e+01
1.208624172210693359e+01
1.208620357513427734e+01
1.208616828918457031e+01
1.208613014221191406e+01
1.208609485626220703e+01
1.208605861663818359e+01
1.208602142333984375e+01
1.208598518371582031e+01
1.208594989776611328e+01
1.208591175079345703e+01
1.208587646484375000e+01
1.208584022521972656e+01
1.208580398559570312e+01
1.208576679229736328e+01
1.208572959899902344e+01
1.208569335937500000e+01
1.208565902709960938e+01
1.208562088012695312e+01
1.208558368682861328e+01
1.208554935455322266e+01
1.208551025390625000e+01
1.208547401428222656e+01
1.208543777465820312e+01
1.208540153503417969e+01
1.208536624908447266e+01
1.208532619476318359e+01
1.208528804779052734e+01
1.208525371551513672e+01
1.208521747589111328e+01
1.208518028259277344e+01
1.208514404296875000e+01
1.208510780334472656e+01
1.208507061004638672e+01
1.208503341674804688e+01
1.208499622344970703e+01
1.208495998382568359e+01
1.208492279052734375e+01
1.208488655090332031e+01
1.208485031127929688e+01
1.208481407165527344e+01
1.208477783203125000e+01
1.208473968505859375e+01
1.208470249176025391e+01
1.208466815948486328e+01
1.208462905883789062e+01
1.208459472656250000e+01
1.208455848693847656e+01
1.208452129364013672e+01
1.208448696136474609e+01
1.208444976806640625e+01
1.208441162109375000e+01
1.208437538146972656e+01
1.208434104919433594e+01
1.208430194854736328e+01
1.208426761627197266e+01
1.208423137664794922e+01
1.208418941497802734e+01
1.208415031433105469e+01
1.208411216735839844e+01
1.208407497406005859e+01
1.208403778076171875e+01
1.208400344848632812e+01
1.208396720886230469e+01
1.208393096923828125e+01
1.208389377593994141e+01
1.208385753631591797e+01
1.208382034301757812e+01
1.208378219604492188e+01
1.208374309539794922e+01
1.208370399475097656e+01
1.208366584777832031e+01
1.208362674713134766e+01
1.208358764648437500e+01
1.208354854583740234e+01
1.208350849151611328e+01
1.208347129821777344e+01
1.208343219757080078e+01
1.208339595794677734e+01
1.208335781097412109e+01
1.208332061767578125e+01
1.208328151702880859e+01
1.208324337005615234e+01
1.208320522308349609e+01
1.208316612243652344e+01
1.208312511444091797e+01
1.208308601379394531e+01
1.208304786682128906e+01
1.208301067352294922e+01
1.208297252655029297e+01
1.208293342590332031e+01
1.208289527893066406e+01
1.208285617828369141e+01
1.208281707763671875e+01
1.208278083801269531e+01
1.208274173736572266e+01
1.208270359039306641e+01
1.208266639709472656e+01
1.208262729644775391e+01
1.208258819580078125e+01
1.208255100250244141e+01
1.208251190185546875e+01
1.208247280120849609e+01
1.208243274688720703e+01
1.208239364624023438e+01
1.208235549926757812e+01
1.208231735229492188e+01
1.208227825164794922e+01
1.208224010467529297e+01
1.208220195770263672e+01
1.208216094970703125e+01
1.208212280273437500e+01
1.208208656311035156e+01
1.208204555511474609e+01
1.208200645446777344e+01
1.208196735382080078e+01
1.208193111419677734e+01
1.208189010620117188e+01
1.208185100555419922e+01
1.208181190490722656e+01
1.208177280426025391e+01
1.208173561096191406e+01
1.208169555664062500e+01
1.208165740966796875e+01
1.208161830902099609e+01
1.208157825469970703e+01
1.208153820037841797e+01
1.208150005340576172e+01
1.208146476745605469e+01
1.208142471313476562e+01
1.208138179779052734e+01
1.208134555816650391e+01
1.208130645751953125e+01
1.208126449584960938e+01
1.208122634887695312e+01
1.208118915557861328e+01
1.208115100860595703e+01
1.208111000061035156e+01
1.208107089996337891e+01
1.208103275299072266e+01
1.208099460601806641e+01
1.208095455169677734e+01
1.208091831207275391e+01
1.208087635040283203e+01
1.208083724975585938e+01
1.208079814910888672e+01
1.208075904846191406e+01
1.208071994781494141e+01
1.208068275451660156e+01
1.208064460754394531e+01
1.208060264587402344e+01
1.208056259155273438e+01
1.208052635192871094e+01
1.208048629760742188e+01
1.208044910430908203e+01
1.208040904998779297e+01
1.208036994934082031e+01
1.208032798767089844e+01
1.208029079437255859e+01
1.208024883270263672e+01
1.208021450042724609e+01
1.208017444610595703e+01
1.208013439178466797e+01
1.208009433746337891e+01
1.208005714416503906e+01
1.208001708984375000e+01
1.207997798919677734e+01
1.207993888854980469e+01
1.207989978790283203e+01
1.207986354827880859e+01
1.207982158660888672e+01
1.207978153228759766e+01
1.207974529266357422e+01
1.207970428466796875e+01
1.207966518402099609e+01
1.207962608337402344e+01
1.207958889007568359e+01
1.207955074310302734e+01
1.207951164245605469e+01
1.207947063446044922e+01
1.207943153381347656e+01
1.207939338684082031e+01
1.207935333251953125e+01
1.207931232452392578e+01
1.207927227020263672e+01
1.207923316955566406e+01
1.207919406890869141e+01
1.207915496826171875e+01
1.207911777496337891e+01
1.207907867431640625e+01
1.207903575897216797e+01
1.207899570465087891e+01
1.207895660400390625e+01
1.207891845703125000e+01
1.207887840270996094e+01
1.207883834838867188e+01
1.207880115509033203e+01
1.207876014709472656e+01
1.207871818542480469e+01
1.207867813110351562e+01
1.207863807678222656e+01
1.207860088348388672e+01
1.207856178283691406e+01
1.207852268218994141e+01
1.207848262786865234e+01
1.207844257354736328e+01
1.207840347290039062e+01
1.207836151123046875e+01
1.207832241058349609e+01
1.207828330993652344e+01
1.207824420928955078e+01
1.207820510864257812e+01
1.207816505432128906e+01
1.207812500000000000e+01
1.207808589935302734e+01
1.207804584503173828e+01
1.207800769805908203e+01
1.207796669006347656e+01
1.207792949676513672e+01
1.207788944244384766e+01
1.207784938812255859e+01
1.207781028747558594e+01
1.207777118682861328e+01
1.207773208618164062e+01
1.207769203186035156e+01
1.207765293121337891e+01
1.207761192321777344e+01
1.207757282257080078e+01
1.207753372192382812e+01
1.207748985290527344e+01
1.207744884490966797e+01
1.207740879058837891e+01
1.207736778259277344e+01
1.207732677459716797e+01
1.207728290557861328e+01
1.207724285125732422e+01
1.207720184326171875e+01
1.207716083526611328e+01
1.207711887359619141e+01
1.207707881927490234e+01
1.207703876495361328e+01
1.207699680328369141e+01
1.207695388793945312e+01
1.207691192626953125e+01
