2.134840729600000000e+10
8.399520563200000000e+10
2.538083942400000000e+10
1.500105113600000000e+10
3.125426790400000000e+10
2.734103961600000000e+10
1.139792896000000000e+10
1.313142400000000000e+08
3.041564467200000000e+10
3.304646041600000000e+10
2.514054553600000000e+10
2.514864600000000000e+07
9.306912768000000000e+09
1.342131814400000000e+10
1.338079744000000000e+10
9.698947072000000000e+09
1.513396960000000000e+08
2.560886720000000000e+08
1.889267097600000000e+10
6.957373440000000000e+09
1.484057600000000000e+09
1.579959040000000000e+08
1.547777400000000000e+07
6.532428160000000000e+08
7.624102400000000000e+08
1.008821376000000000e+09
9.351982080000000000e+08
6.092021760000000000e+08
2.363062240000000000e+08
1.944785000000000000e+07
5.934636400000000000e+07
2.616506240000000000e+08
4.486760960000000000e+08
4.906817920000000000e+08
3.701245440000000000e+08
1.756398720000000000e+08
3.003242400000000000e+07
6.600939500000000000e+06
8.904663200000000000e+07
1.952934720000000000e+08
2.415160480000000000e+08
1.983585120000000000e+08
1.023869520000000000e+08
2.111171800000000000e+07
1.715126750000000000e+06
4.129556800000000000e+07
9.648750400000000000e+07
1.203627840000000000e+08
9.655884000000000000e+07
4.633957200000000000e+07
7.178036500000000000e+06
2.631368250000000000e+06
2.697869000000000000e+07
5.405331600000000000e+07
6.021088800000000000e+07
4.194623600000000000e+07
1.536108500000000000e+07
5.585730000000000000e+05
5.270175500000000000e+06
2.071997200000000000e+07
3.120578800000000000e+07
2.779360000000000000e+07
1.439613800000000000e+07
2.521430750000000000e+06
6.059277500000000000e+05
7.534162000000000000e+06
1.510927700000000000e+07
1.607171700000000000e+07
1.004058900000000000e+07
2.723342000000000000e+06
1.531791796875000000e+04
2.896241250000000000e+06
7.381423500000000000e+06
8.815607000000000000e+06
6.065340000000000000e+06
1.930697875000000000e+06
4.651167968750000000e+03
1.313609375000000000e+06
3.820995000000000000e+06
4.781629000000000000e+06
3.361436500000000000e+06
1.075902500000000000e+06
2.098421142578125000e+03
7.479062500000000000e+05
2.131444500000000000e+06
2.594915000000000000e+06
1.733312500000000000e+06
4.836265625000000000e+05
3.059373535156250000e+03
5.181905625000000000e+05
1.263897375000000000e+06
1.393168000000000000e+06
8.170836875000000000e+05
1.611828593750000000e+05
2.744660937500000000e+04
3.995881250000000000e+05
7.657156875000000000e+05
7.147785000000000000e+05
3.326523125000000000e+05
2.796950000000000000e+04
6.319255468750000000e+04
3.103812812500000000e+05
4.502785625000000000e+05
3.322367500000000000e+05
1.027113437500000000e+05
4.512821197509765625e+01
9.002210156250000000e+04
2.267400000000000000e+05
2.414582812500000000e+05
1.270021328125000000e+05
1.576555761718750000e+04
1.472798242187500000e+04
9.466753125000000000e+04
1.451407968750000000e+05
1.081519531250000000e+05
3.211180468750000000e+04
1.596024932861328125e+02
3.301491406250000000e+04
7.671655468750000000e+04
7.587799218750000000e+04
3.469493359375000000e+04
2.114429687500000000e+03
9.186802734375000000e+03
3.718567187500000000e+04
4.741364062500000000e+04
2.879830078125000000e+04
5.001783691406250000e+03
1.772946777343750000e+03
1.688906445312500000e+04
2.773235156250000000e+04
2.082071289062500000e+04
5.801727050781250000e+03
1.399132843017578125e+02
7.469126953125000000e+03
1.557560546875000000e+04
1.376384472656250000e+04
4.958507812500000000e+03
2.214604759216308594e+01
3.310410888671875000e+03
8.652125000000000000e+03
8.646116210937500000e+03
3.659036865234375000e+03
1.105301742553710938e+02
1.505451416015625000e+03
4.799844238281250000e+03
5.281442382812500000e+03
2.522376220703125000e+03
1.514216918945312500e+02
7.355169677734375000e+02
2.725835205078125000e+03
3.210743652343750000e+03
1.588630004882812500e+03
1.205573654174804688e+02
3.914505615234375000e+02
1.586456542968750000e+03
1.908235595703125000e+03
9.504748535156250000e+02
7.424713134765625000e+01
2.446570129394531250e+02
9.707937622070312500e+02
1.140539550781250000e+03
5.390820922851562500e+02
3.238858032226562500e+01
1.804990234375000000e+02
6.172167968750000000e+02
6.653412475585937500e+02
2.864893493652343750e+02
1.231257343292236328e+01
1.505597839355468750e+02
3.959306640625000000e+02
3.874098510742187500e+02
1.436671905517578125e+02
7.618297100067138672e+00
1.208722686767578125e+02
2.642027282714843750e+02
2.190128173828125000e+02
6.504803466796875000e+01
1.025467681884765625e+01
9.621941375732421875e+01
1.802369995117187500e+02
1.200777511596679688e+02
2.666610527038574219e+01
1.647864723205566406e+01
7.559693145751953125e+01
1.038196792602539062e+02
5.853031158447265625e+01
1.153686141967773438e+01
1.820363235473632812e+01
5.613814544677734375e+01
6.092134857177734375e+01
2.816970634460449219e+01
7.924315929412841797e+00
1.909346580505371094e+01
3.871264648437500000e+01
3.796953964233398438e+01
1.605326652526855469e+01
7.925493717193603516e+00
1.846234321594238281e+01
2.872808647155761719e+01
2.052887535095214844e+01
9.501636505126953125e+00
9.275669097900390625e+00
1.605748367309570312e+01
1.844745445251464844e+01
1.164519309997558594e+01
7.677332878112792969e+00
9.136091232299804688e+00
1.403211212158203125e+01
1.398397445678710938e+01
8.972354888916015625e+00
7.593027114868164062e+00
9.951604843139648438e+00
1.115910148620605469e+01
1.028144073486328125e+01
7.679480075836181641e+00
8.189996719360351562e+00
1.068284225463867188e+01
1.043310546875000000e+01
7.959889411926269531e+00
7.829162597656250000e+00
9.801846504211425781e+00
9.801845550537109375e+00
7.888682842254638672e+00
7.705717563629150391e+00
8.126283645629882812e+00
8.276021003723144531e+00
8.126247406005859375e+00
7.705178260803222656e+00
7.795143604278564453e+00
8.165195465087890625e+00
8.165211677551269531e+00
7.795403480529785156e+00
7.507925987243652344e+00
7.621876239776611328e+00
7.786367416381835938e+00
7.786367416381835938e+00
7.766433238983154297e+00
7.532632827758789062e+00
7.507476806640625000e+00
7.740507602691650391e+00
7.751904487609863281e+00
7.710978507995605469e+00
7.507636547088623047e+00
7.527746677398681641e+00
7.599748611450195312e+00
7.620404243469238281e+00
7.594408512115478516e+00
7.527121543884277344e+00
7.515043735504150391e+00
7.509894847869873047e+00
7.511289119720458984e+00
7.530631065368652344e+00
7.532095909118652344e+00
7.532107353210449219e+00
7.531825065612792969e+00
7.530416965484619141e+00
7.510224819183349609e+00
7.505237579345703125e+00
7.507174491882324219e+00
7.526730537414550781e+00
7.526819229125976562e+00
7.526898384094238281e+00
7.526848316192626953e+00
7.524370670318603516e+00
7.506087779998779297e+00
7.509901046752929688e+00
7.509803295135498047e+00
7.510877132415771484e+00
7.511541843414306641e+00
7.511431694030761719e+00
7.510970592498779297e+00
7.510873794555664062e+00
7.509851455688476562e+00
7.506365299224853516e+00
7.504148006439208984e+00
7.510950088500976562e+00
7.511203765869140625e+00
7.511203765869140625e+00
7.511203765869140625e+00
7.511448860168457031e+00
7.504096031188964844e+00
7.504741191864013672e+00
7.504699707031250000e+00
7.509924411773681641e+00
7.510193347930908203e+00
7.508377552032470703e+00
7.504479885101318359e+00
7.504479885101318359e+00
7.503984451293945312e+00
7.503730297088623047e+00
7.504063606262207031e+00
7.504638195037841797e+00
7.504638195037841797e+00
7.504664897918701172e+00
7.504731655120849609e+00
7.504730701446533203e+00
7.504730701446533203e+00
7.504838943481445312e+00
7.504835128784179688e+00
7.504230976104736328e+00
7.504007339477539062e+00
7.504007339477539062e+00
7.503897666931152344e+00
7.503520965576171875e+00
7.503721714019775391e+00
7.503721714019775391e+00
7.503633499145507812e+00
7.503565788269042969e+00
7.503380298614501953e+00
7.503388881683349609e+00
7.503486156463623047e+00
7.503716945648193359e+00
7.503712177276611328e+00
7.503710746765136719e+00
7.503710746765136719e+00
7.503710746765136719e+00
7.503710746765136719e+00
7.503710746765136719e+00
7.503621101379394531e+00
7.503575325012207031e+00
7.503915309906005859e+00
7.503915309906005859e+00
7.503886699676513672e+00
7.504246234893798828e+00
7.504337787628173828e+00
7.504337787628173828e+00
7.504182338714599609e+00
7.504327774047851562e+00
7.504348278045654297e+00
7.504467964172363281e+00
7.504403114318847656e+00
7.504403114318847656e+00
7.504437446594238281e+00
7.504523754119873047e+00
7.504523754119873047e+00
7.504358291625976562e+00
7.504358291625976562e+00
7.504358291625976562e+00
7.504360198974609375e+00
7.504442691802978516e+00
7.504461765289306641e+00
7.504450798034667969e+00
7.504514217376708984e+00
7.504498481750488281e+00
7.504533290863037109e+00
7.504623889923095703e+00
7.504503250122070312e+00
7.504503250122070312e+00
7.504467010498046875e+00
7.504690170288085938e+00
7.504690170288085938e+00
7.504665374755859375e+00
7.504654407501220703e+00
7.504586219787597656e+00
7.504614353179931641e+00
7.504614353179931641e+00
7.504812240600585938e+00
7.504601001739501953e+00
7.504412651062011719e+00
7.504738330841064453e+00
7.504708766937255859e+00
7.504678249359130859e+00
7.504665374755859375e+00
7.504749774932861328e+00
7.504672050476074219e+00
7.504677772521972656e+00
7.504688739776611328e+00
7.504653453826904297e+00
7.504618644714355469e+00
7.504701137542724609e+00
7.505001068115234375e+00
7.504814624786376953e+00
7.505286693572998047e+00
7.505252838134765625e+00
7.505333423614501953e+00
7.505333423614501953e+00
7.505322933197021484e+00
7.505268573760986328e+00
7.505314350128173828e+00
7.505043983459472656e+00
7.504809379577636719e+00
7.504782676696777344e+00
7.504781723022460938e+00
7.504690170288085938e+00
7.504606723785400391e+00
7.504605770111083984e+00
7.504640102386474609e+00
7.504428863525390625e+00
7.504274368286132812e+00
7.504017353057861328e+00
7.504115104675292969e+00
7.503931999206542969e+00
7.503376483917236328e+00
7.503369331359863281e+00
7.503762245178222656e+00
7.504017829895019531e+00
7.504017829895019531e+00
7.504026412963867188e+00
7.504037380218505859e+00
7.504263877868652344e+00
7.504263877868652344e+00
7.503992080688476562e+00
7.503694057464599609e+00
7.503695487976074219e+00
7.503498554229736328e+00
7.503481388092041016e+00
7.503417968750000000e+00
7.503546237945556641e+00
7.503540515899658203e+00
7.503556728363037109e+00
7.504126548767089844e+00
7.504126548767089844e+00
7.504383563995361328e+00
7.504318714141845703e+00
7.504318714141845703e+00
7.504355907440185547e+00
7.503396987915039062e+00
7.503392219543457031e+00
7.503450870513916016e+00
7.503492355346679688e+00
7.503242015838623047e+00
7.504128932952880859e+00
7.504204750061035156e+00
7.504278659820556641e+00
7.503420352935791016e+00
7.503420352935791016e+00
7.503422737121582031e+00
7.503286361694335938e+00
7.502885818481445312e+00
7.502892017364501953e+00
7.502899169921875000e+00
7.503121376037597656e+00
7.503138542175292969e+00
7.502828598022460938e+00
7.502958297729492188e+00
7.502977848052978516e+00
7.502897739410400391e+00
7.502474308013916016e+00
7.502712249755859375e+00
7.502957820892333984e+00
7.502957820892333984e+00
7.503043651580810547e+00
7.503033638000488281e+00
7.503033638000488281e+00
7.503018856048583984e+00
7.502906322479248047e+00
7.502908706665039062e+00
7.503025054931640625e+00
7.503023624420166016e+00
7.503023624420166016e+00
7.503023624420166016e+00
7.503029346466064453e+00
7.502972602844238281e+00
7.502968788146972656e+00
7.502978324890136719e+00
7.502974987030029297e+00
7.503208637237548828e+00
7.503201484680175781e+00
7.502777099609375000e+00
7.502886772155761719e+00
7.502886772155761719e+00
7.502947330474853516e+00
7.503059864044189453e+00
7.503056526184082031e+00
7.503008842468261719e+00
7.502964019775390625e+00
7.503222465515136719e+00
7.503295898437500000e+00
7.503534317016601562e+00
7.503463268280029297e+00
7.503591537475585938e+00
7.503569126129150391e+00
7.503547191619873047e+00
7.503547191619873047e+00
7.503547191619873047e+00
7.503651142120361328e+00
7.503677845001220703e+00
7.503974437713623047e+00
7.504006385803222656e+00
7.504285812377929688e+00
7.504281044006347656e+00
7.504266262054443359e+00
7.504261970520019531e+00
7.504302978515625000e+00
7.504412651062011719e+00
7.504299163818359375e+00
7.504304409027099609e+00
7.504309177398681641e+00
7.504367828369140625e+00
7.504637241363525391e+00
7.504637241363525391e+00
7.504710197448730469e+00
7.504450798034667969e+00
7.504505157470703125e+00
7.504383563995361328e+00
7.504392623901367188e+00
7.504244327545166016e+00
7.504274368286132812e+00
7.504322528839111328e+00
7.504002571105957031e+00
7.504032135009765625e+00
7.504337310791015625e+00
7.504489898681640625e+00
7.504143238067626953e+00
7.503957748413085938e+00
7.504069328308105469e+00
7.503827095031738281e+00
7.503808021545410156e+00
7.504006385803222656e+00
7.504223823547363281e+00
7.503993988037109375e+00
7.503942966461181641e+00
7.503898143768310547e+00
7.503832817077636719e+00
7.503795146942138672e+00
7.503988265991210938e+00
7.503526687622070312e+00
7.503526687622070312e+00
7.503526687622070312e+00
7.503503322601318359e+00
7.503488540649414062e+00
7.503551006317138672e+00
7.503322124481201172e+00
7.503212928771972656e+00
7.502667427062988281e+00
7.502670764923095703e+00
7.502801418304443359e+00
7.502698898315429688e+00
7.502960205078125000e+00
7.502675056457519531e+00
7.502531528472900391e+00
7.502741813659667969e+00
7.502697944641113281e+00
7.502753734588623047e+00
7.502611637115478516e+00
7.502567291259765625e+00
7.502565383911132812e+00
7.502485275268554688e+00
7.502827644348144531e+00
7.502933502197265625e+00
7.502299785614013672e+00
7.502402305603027344e+00
7.502495288848876953e+00
7.503145217895507812e+00
7.502998828887939453e+00
7.502230167388916016e+00
7.501948356628417969e+00
7.501767158508300781e+00
7.502519607543945312e+00
7.502634048461914062e+00
7.502750873565673828e+00
7.502077579498291016e+00
7.502073287963867188e+00
7.502302169799804688e+00
7.503246307373046875e+00
7.503034114837646484e+00
7.502709388732910156e+00
7.502154350280761719e+00
7.501914501190185547e+00
7.501920223236083984e+00
7.502511978149414062e+00
7.502548217773437500e+00
7.502567768096923828e+00
7.501440525054931641e+00
7.501640796661376953e+00
7.501978874206542969e+00
7.502490997314453125e+00
7.502484798431396484e+00
7.502471923828125000e+00
7.502397537231445312e+00
7.502328872680664062e+00
7.502301216125488281e+00
7.502521991729736328e+00
7.502704620361328125e+00
7.502365589141845703e+00
7.502320766448974609e+00
7.502646923065185547e+00
7.502737998962402344e+00
7.502856254577636719e+00
7.502348423004150391e+00
7.502579212188720703e+00
7.503108501434326172e+00
7.503136157989501953e+00
7.503140926361083984e+00
7.503096103668212891e+00
7.502932071685791016e+00
7.502878189086914062e+00
7.503272533416748047e+00
7.503260612487792969e+00
7.503260612487792969e+00
7.503358364105224609e+00
7.502824306488037109e+00
7.502824306488037109e+00
7.503282546997070312e+00
7.503321647644042969e+00
7.503321647644042969e+00
7.503509044647216797e+00
7.502931118011474609e+00
7.502796649932861328e+00
7.503356456756591797e+00
7.503294467926025391e+00
7.503424644470214844e+00
7.503538131713867188e+00
7.503463268280029297e+00
7.503442764282226562e+00
7.502834320068359375e+00
7.502603530883789062e+00
7.503419399261474609e+00
7.503256797790527344e+00
7.503256797790527344e+00
7.503267765045166016e+00
7.503144741058349609e+00
7.502658843994140625e+00
7.502657890319824219e+00
7.503344535827636719e+00
7.503331184387207031e+00
7.503644943237304688e+00
7.503820896148681641e+00
7.503919124603271484e+00
7.503880023956298828e+00
7.504084587097167969e+00
7.503964900970458984e+00
7.503565788269042969e+00
7.503751754760742188e+00
7.503474235534667969e+00
7.503510951995849609e+00
7.503520011901855469e+00
7.503509521484375000e+00
7.503592491149902344e+00
7.503594875335693359e+00
7.503571033477783203e+00
7.503721714019775391e+00
7.504008293151855469e+00
7.504008293151855469e+00
7.504008293151855469e+00
7.503975868225097656e+00
7.504030704498291016e+00
7.504017829895019531e+00
7.504048347473144531e+00
7.503627300262451172e+00
7.503060340881347656e+00
7.503369331359863281e+00
7.503099918365478516e+00
7.503079414367675781e+00
7.502901554107666016e+00
7.502648830413818359e+00
7.502681732177734375e+00
7.502681732177734375e+00
7.502767562866210938e+00
7.502301692962646484e+00
7.502290248870849609e+00
7.502395153045654297e+00
7.502393245697021484e+00
7.502058506011962891e+00
7.501981258392333984e+00
7.501856803894042969e+00
7.502057552337646484e+00
7.502020359039306641e+00
7.501860141754150391e+00
7.501853466033935547e+00
7.501964092254638672e+00
7.501983642578125000e+00
7.501857757568359375e+00
7.501923084259033203e+00
7.501975059509277344e+00
7.502056121826171875e+00
7.502362251281738281e+00
7.502420425415039062e+00
7.502406120300292969e+00
7.502406120300292969e+00
7.502612113952636719e+00
7.502481460571289062e+00
7.502497673034667969e+00
7.502497673034667969e+00
7.502605438232421875e+00
7.502613544464111328e+00
7.502289295196533203e+00
7.502161979675292969e+00
7.501979827880859375e+00
7.502022743225097656e+00
7.501895904541015625e+00
7.501917839050292969e+00
7.501921176910400391e+00
7.501921176910400391e+00
7.502042770385742188e+00
7.502053260803222656e+00
7.502243518829345703e+00
7.502238273620605469e+00
7.502456665039062500e+00
7.502464771270751953e+00
7.502568244934082031e+00
7.502572536468505859e+00
7.502546310424804688e+00
7.502361297607421875e+00
7.502562999725341797e+00
7.502505302429199219e+00
7.502770423889160156e+00
7.502923011779785156e+00
7.503075122833251953e+00
7.503075122833251953e+00
7.503040790557861328e+00
7.503040790557861328e+00
7.503051757812500000e+00
7.503111362457275391e+00
7.503111362457275391e+00
7.503106594085693359e+00
7.503143310546875000e+00
7.503164768218994141e+00
7.503164768218994141e+00
7.503159999847412109e+00
7.503237247467041016e+00
7.503243446350097656e+00
7.503160476684570312e+00
7.503274917602539062e+00
7.503485202789306641e+00
7.503508090972900391e+00
7.503645420074462891e+00
7.503749847412109375e+00
7.503791332244873047e+00
7.503171443939208984e+00
7.503165245056152344e+00
7.502757549285888672e+00
7.502791881561279297e+00
7.502751350402832031e+00
7.502923488616943359e+00
7.502964973449707031e+00
7.503261566162109375e+00
7.503423690795898438e+00
7.503262519836425781e+00
7.502883434295654297e+00
7.502894878387451172e+00
7.502894878387451172e+00
7.502879619598388672e+00
7.503532886505126953e+00
7.503586292266845703e+00
7.503643989562988281e+00
7.503676891326904297e+00
7.503760814666748047e+00
7.503819465637207031e+00
7.503701686859130859e+00
7.503614425659179688e+00
7.503361701965332031e+00
7.503392219543457031e+00
7.503374099731445312e+00
7.503479480743408203e+00
7.503635883331298828e+00
7.503659248352050781e+00
7.503625869750976562e+00
7.503572463989257812e+00
7.503494739532470703e+00
7.503643989562988281e+00
7.503488540649414062e+00
7.503520011901855469e+00
7.503371715545654297e+00
7.503263950347900391e+00
7.502683639526367188e+00
7.502232551574707031e+00
7.502053737640380859e+00
7.502089977264404297e+00
7.502146720886230469e+00
7.502340793609619141e+00
7.502254009246826172e+00
7.501910209655761719e+00
7.501868724822998047e+00
7.502014160156250000e+00
7.501811981201171875e+00
7.501831054687500000e+00
7.502048492431640625e+00
7.502040386199951172e+00
7.502239227294921875e+00
7.502663612365722656e+00
7.502607345581054688e+00
7.502674579620361328e+00
7.503041267395019531e+00
7.502858161926269531e+00
7.502858161926269531e+00
7.502876758575439453e+00
7.502876758575439453e+00
7.503069877624511719e+00
7.503007888793945312e+00
7.502874851226806641e+00
7.503130912780761719e+00
7.503206729888916016e+00
7.503167629241943359e+00
7.503309726715087891e+00
7.503307342529296875e+00
7.503278732299804688e+00
7.503106594085693359e+00
7.503198146820068359e+00
7.502903938293457031e+00
7.502903938293457031e+00
7.502914905548095703e+00
7.502746582031250000e+00
7.502746582031250000e+00
7.503026008605957031e+00
7.503016948699951172e+00
7.503009796142578125e+00
7.503009796142578125e+00
7.503006458282470703e+00
7.503050327301025391e+00
7.502975940704345703e+00
7.503061294555664062e+00
7.503076076507568359e+00
7.503190994262695312e+00
7.505015850067138672e+00
7.503532886505126953e+00
7.503474235534667969e+00
7.503040313720703125e+00
7.503054141998291016e+00
7.503195762634277344e+00
7.503046989440917969e+00
7.504767894744873047e+00
7.502554893493652344e+00
7.502393722534179688e+00
7.502470493316650391e+00
7.502342700958251953e+00
7.502181529998779297e+00
7.502141952514648438e+00
7.504061222076416016e+00
7.503561973571777344e+00
7.501408100128173828e+00
7.501469612121582031e+00
7.501450061798095703e+00
7.501425266265869141e+00
7.501389026641845703e+00
7.501512527465820312e+00
7.501355171203613281e+00
7.501127719879150391e+00
7.501612663269042969e+00
7.503172397613525391e+00
7.502927303314208984e+00
7.501673698425292969e+00
7.500761508941650391e+00
7.500909328460693359e+00
7.501216888427734375e+00
7.501162052154541016e+00
7.501172065734863281e+00
7.501831531524658203e+00
7.503421783447265625e+00
7.503263473510742188e+00
7.501738071441650391e+00
7.501244068145751953e+00
7.501165866851806641e+00
7.501190185546875000e+00
7.501329898834228516e+00
7.501520156860351562e+00
7.502238750457763672e+00
7.503754138946533203e+00
7.502179145812988281e+00
7.502457141876220703e+00
7.503858566284179688e+00
7.502304553985595703e+00
7.502088546752929688e+00
7.502201080322265625e+00
7.502320766448974609e+00
7.502469062805175781e+00
7.502471923828125000e+00
7.502310752868652344e+00
7.503870964050292969e+00
7.503920078277587891e+00
7.502216815948486328e+00
7.502493858337402344e+00
7.502564907073974609e+00
7.502608776092529297e+00
7.502439022064208984e+00
7.502112865447998047e+00
7.503957748413085938e+00
7.504271030426025391e+00
7.502277374267578125e+00
7.502098560333251953e+00
7.502112865447998047e+00
7.502017974853515625e+00
7.503814697265625000e+00
7.504119873046875000e+00
7.502110004425048828e+00
7.502419471740722656e+00
7.502640247344970703e+00
7.502323627471923828e+00
7.502310276031494141e+00
7.504212856292724609e+00
7.504100799560546875e+00
7.501831054687500000e+00
7.501970291137695312e+00
7.501957893371582031e+00
7.503433704376220703e+00
7.503537654876708984e+00
7.501699447631835938e+00
7.501621246337890625e+00
7.501384258270263672e+00
7.501401424407958984e+00
7.503097057342529297e+00
7.503097057342529297e+00
7.501710414886474609e+00
7.501682758331298828e+00
7.501658916473388672e+00
7.503343582153320312e+00
7.503387451171875000e+00
7.501479625701904297e+00
7.501275539398193359e+00
7.501289844512939453e+00
7.501141548156738281e+00
7.503195762634277344e+00
7.503104209899902344e+00
7.501410484313964844e+00
7.501338005065917969e+00
7.501355171203613281e+00
7.503058910369873047e+00
7.503180980682373047e+00
7.501523494720458984e+00
7.501561164855957031e+00
7.501348972320556641e+00
7.501386642456054688e+00
7.502979755401611328e+00
7.502947330474853516e+00
7.501057147979736328e+00
7.500761508941650391e+00
7.502439022064208984e+00
7.500843524932861328e+00
7.500927925109863281e+00
7.502698898315429688e+00
7.502720832824707031e+00
7.500954627990722656e+00
7.501093864440917969e+00
7.501292705535888672e+00
7.503079414367675781e+00
7.503207206726074219e+00
7.501499176025390625e+00
7.501855373382568359e+00
7.501794338226318359e+00
7.502961635589599609e+00
7.501885890960693359e+00
7.502820014953613281e+00
7.502705097198486328e+00
7.502407073974609375e+00
7.503333091735839844e+00
7.502186298370361328e+00
7.501502037048339844e+00
7.502658843994140625e+00
7.502701282501220703e+00
7.501338958740234375e+00
7.501356124877929688e+00
7.501560688018798828e+00
7.502159595489501953e+00
7.503253936767578125e+00
7.503549575805664062e+00
7.503233432769775391e+00
7.502428054809570312e+00
7.502369403839111328e+00
7.502055644989013672e+00
7.502151966094970703e+00
7.503136157989501953e+00
7.502999305725097656e+00
7.502945423126220703e+00
7.501651763916015625e+00
7.501286029815673828e+00
7.501469612121582031e+00
7.501735687255859375e+00
7.501744270324707031e+00
7.502675056457519531e+00
7.502875804901123047e+00
7.502864360809326172e+00
7.502035617828369141e+00
7.501985073089599609e+00
7.502034187316894531e+00
7.503050327301025391e+00
7.503130912780761719e+00
7.502091884613037109e+00
7.502247333526611328e+00
7.502201557159423828e+00
7.503210544586181641e+00
7.503232479095458984e+00
7.502298355102539062e+00
7.502101898193359375e+00
7.503034591674804688e+00
7.502076625823974609e+00
7.502986907958984375e+00
7.502161979675292969e+00
7.503151893615722656e+00
7.502134799957275391e+00
7.502027034759521484e+00
7.502881050109863281e+00
7.502753734588623047e+00
7.501998901367187500e+00
7.501901626586914062e+00
7.501861095428466797e+00
7.502835273742675781e+00
7.502853870391845703e+00
7.502634048461914062e+00
7.501607894897460938e+00
7.501573562622070312e+00
7.501624584197998047e+00
7.502605438232421875e+00
7.502587795257568359e+00
7.501434326171875000e+00
7.501839160919189453e+00
7.501049995422363281e+00
7.501224994659423828e+00
7.502092361450195312e+00
7.502176284790039062e+00
7.501220703125000000e+00
