2.521817907200000000e+10
1.820634112000000000e+10
1.900371558400000000e+10
3.271891456000000000e+09
1.055728128000000000e+10
1.230624153600000000e+10
8.363261440000000000e+09
5.654499200000000000e+08
2.854033152000000000e+09
4.172796928000000000e+09
3.284163072000000000e+09
1.296433920000000000e+09
5.202240000000000000e+08
1.757404544000000000e+09
2.346260480000000000e+09
1.657881856000000000e+09
5.944129280000000000e+08
1.251000100000000000e+07
2.308327840000000000e+08
7.873778560000000000e+08
1.046279616000000000e+09
7.657718400000000000e+08
2.577148160000000000e+08
1.346066375000000000e+06
1.617942560000000000e+08
4.772614080000000000e+08
5.787626880000000000e+08
3.724705920000000000e+08
8.994608800000000000e+07
4.775425500000000000e+06
1.483628160000000000e+08
3.129951680000000000e+08
3.039751680000000000e+08
1.364373120000000000e+08
9.923034000000000000e+06
3.124810000000000000e+07
1.393564480000000000e+08
1.887490880000000000e+08
1.236308480000000000e+08
2.655550000000000000e+07
3.821184000000000000e+06
6.051885200000000000e+07
1.099857120000000000e+08
8.877476000000000000e+07
2.757355000000000000e+07
1.195757109375000000e+05
2.824984000000000000e+07
6.352629600000000000e+07
5.717371200000000000e+07
2.013465200000000000e+07
5.510740234375000000e+03
1.570448000000000000e+07
3.810461600000000000e+07
3.467281600000000000e+07
1.172616600000000000e+07
1.177931738281250000e+04
1.072548700000000000e+07
2.391155800000000000e+07
1.986852000000000000e+07
5.383582000000000000e+06
2.865445312500000000e+05
8.490909000000000000e+06
1.523121700000000000e+07
1.037453200000000000e+07
1.661315000000000000e+06
9.865495000000000000e+05
7.034023000000000000e+06
9.298557000000000000e+06
4.524228500000000000e+06
1.519315468750000000e+05
1.827057625000000000e+06
5.519950000000000000e+06
5.002190000000000000e+06
1.341800125000000000e+06
1.072958125000000000e+05
2.337973750000000000e+06
3.751098250000000000e+06
2.068574125000000000e+06
1.138348984375000000e+05
6.616365000000000000e+05
2.201597000000000000e+06
1.982715375000000000e+06
4.729464375000000000e+05
8.167208593750000000e+04
1.067352625000000000e+06
1.493812500000000000e+06
6.614456250000000000e+05
2.991308837890625000e+03
4.339330000000000000e+05
9.718776250000000000e+05
6.441051250000000000e+05
5.991605859375000000e+04
1.451438437500000000e+05
5.756870625000000000e+05
5.233941250000000000e+05
1.086939218750000000e+05
3.705226953125000000e+04
3.223167500000000000e+05
3.828631250000000000e+05
1.214373593750000000e+05
5.619301757812500000e+03
1.754889062500000000e+05
2.633775937500000000e+05
1.093573984375000000e+05
7.010597991943359375e+01
9.612271093750000000e+04
1.755660000000000000e+05
8.672032031250000000e+04
5.934250488281250000e+02
5.426440625000000000e+04
1.152513984375000000e+05
6.332041015625000000e+04
1.250446411132812500e+03
3.232380078125000000e+04
7.598375781250000000e+04
4.398314453125000000e+04
1.123437622070312500e+03
2.092839062500000000e+04
5.037869140625000000e+04
2.903022265625000000e+04
6.194502563476562500e+02
1.460009960937500000e+04
3.367282421875000000e+04
1.818483593750000000e+04
1.829583587646484375e+02
1.089173828125000000e+04
2.256526953125000000e+04
1.082571875000000000e+04
1.017300224304199219e+01
8.455269531250000000e+03
1.498442285156250000e+04
6.011248535156250000e+03
9.420001983642578125e+01
6.762138671875000000e+03
9.818502929687500000e+03
2.984408203125000000e+03
3.702471008300781250e+02
5.460103515625000000e+03
6.117523925781250000e+03
1.197061157226562500e+03
6.884030761718750000e+02
4.252044921875000000e+03
3.600429931640625000e+03
3.304616088867187500e+02
9.668798217773437500e+02
3.140385253906250000e+03
1.887334350585937500e+03
3.053257751464843750e+01
1.122140747070312500e+03
2.153277099609375000e+03
8.447814941406250000e+02
3.736323547363281250e+01
1.106955200195312500e+03
1.369515991210937500e+03
2.682748413085937500e+02
1.711251983642578125e+02
9.453826293945312500e+02
7.278308105468750000e+02
4.192345809936523438e+01
2.892816162109375000e+02
6.960426635742187500e+02
3.108624267578125000e+02
1.267585945129394531e+01
3.365179748535156250e+02
4.404476928710937500e+02
8.809101867675781250e+01
6.755039215087890625e+01
3.071532287597656250e+02
2.239604339599609375e+02
1.173631954193115234e+01
1.277989807128906250e+02
2.328640441894531250e+02
7.501255798339843750e+01
2.127329635620117188e+01
1.399635009765625000e+02
1.185648727416992188e+02
1.542059707641601562e+01
4.799209976196289062e+01
1.161339035034179688e+02
4.737601470947265625e+01
1.021299457550048828e+01
6.731503295898437500e+01
6.755750274658203125e+01
1.448375701904296875e+01
2.464608955383300781e+01
5.523403167724609375e+01
3.048799514770507812e+01
8.379727363586425781e+00
3.067122077941894531e+01
3.423508453369140625e+01
1.246586513519287109e+01
1.255245018005371094e+01
2.987585639953613281e+01
1.968694686889648438e+01
8.211427688598632812e+00
1.894366645812988281e+01
1.958852958679199219e+01
8.930210113525390625e+00
1.107574748992919922e+01
1.712501907348632812e+01
1.102093982696533203e+01
8.786630630493164062e+00
1.299952411651611328e+01
1.262169170379638672e+01
8.358303070068359375e+00
1.145559597015380859e+01
1.251634979248046875e+01
8.868211746215820312e+00
8.686470031738281250e+00
1.138982772827148438e+01
1.019662380218505859e+01
8.123548507690429688e+00
9.962346076965332031e+00
1.024264812469482422e+01
8.268074035644531250e+00
8.756649017333984375e+00
9.293498039245605469e+00
8.683911323547363281e+00
8.350525856018066406e+00
8.810098648071289062e+00
8.805979728698730469e+00
8.132450103759765625e+00
8.386234283447265625e+00
8.423007965087890625e+00
8.355838775634765625e+00
8.399182319641113281e+00
8.438807487487792969e+00
8.362220764160156250e+00
8.369232177734375000e+00
8.427186965942382812e+00
8.356875419616699219e+00
8.111778259277343750e+00
8.242886543273925781e+00
8.293290138244628906e+00
8.270120620727539062e+00
8.119729995727539062e+00
8.193919181823730469e+00
8.222564697265625000e+00
8.212985992431640625e+00
8.116572380065917969e+00
8.127449989318847656e+00
8.136963844299316406e+00
8.137171745300292969e+00
8.137345314025878906e+00
8.119904518127441406e+00
8.115082740783691406e+00
8.123499870300292969e+00
8.127004623413085938e+00
8.126274108886718750e+00
8.126960754394531250e+00
8.122629165649414062e+00
8.113377571105957031e+00
8.121837615966796875e+00
8.119030952453613281e+00
8.118741989135742188e+00
8.119943618774414062e+00
8.122079849243164062e+00
8.121705055236816406e+00
8.116424560546875000e+00
8.121496200561523438e+00
8.121726036071777344e+00
8.121518135070800781e+00
8.121518135070800781e+00
8.120388984680175781e+00
8.115062713623046875e+00
8.113001823425292969e+00
8.111141204833984375e+00
8.114285469055175781e+00
8.114217758178710938e+00
8.114228248596191406e+00
8.113852500915527344e+00
8.113787651062011719e+00
8.113350868225097656e+00
8.112946510314941406e+00
8.112876892089843750e+00
8.112737655639648438e+00
8.112646102905273438e+00
8.112630844116210938e+00
8.112071990966796875e+00
8.112071990966796875e+00
8.112422943115234375e+00
8.112422943115234375e+00
8.112525939941406250e+00
8.112386703491210938e+00
8.112190246582031250e+00
8.114840507507324219e+00
8.114772796630859375e+00
8.113608360290527344e+00
8.113499641418457031e+00
8.112643241882324219e+00
8.113582611083984375e+00
8.114036560058593750e+00
8.114036560058593750e+00
8.113913536071777344e+00
8.113534927368164062e+00
8.113534927368164062e+00
8.113520622253417969e+00
8.112944602966308594e+00
8.113058090209960938e+00
8.113058090209960938e+00
8.113024711608886719e+00
8.113024711608886719e+00
8.112779617309570312e+00
8.112966537475585938e+00
8.112865447998046875e+00
8.113089561462402344e+00
8.113062858581542969e+00
8.113062858581542969e+00
8.112889289855957031e+00
8.112819671630859375e+00
8.112819671630859375e+00
8.112488746643066406e+00
8.112741470336914062e+00
8.112741470336914062e+00
8.112188339233398438e+00
8.112146377563476562e+00
8.112837791442871094e+00
8.113373756408691406e+00
8.112935066223144531e+00
8.112935066223144531e+00
8.112771987915039062e+00
8.113133430480957031e+00
8.113081932067871094e+00
8.113066673278808594e+00
8.112693786621093750e+00
8.112682342529296875e+00
8.112543106079101562e+00
8.112330436706542969e+00
8.112257957458496094e+00
8.111856460571289062e+00
8.111583709716796875e+00
8.111627578735351562e+00
8.111035346984863281e+00
8.111037254333496094e+00
8.111115455627441406e+00
8.111425399780273438e+00
8.111451148986816406e+00
8.113500595092773438e+00
8.113080024719238281e+00
8.113482475280761719e+00
8.113399505615234375e+00
8.113317489624023438e+00
8.113038063049316406e+00
8.113681793212890625e+00
8.113574028015136719e+00
8.113470077514648438e+00
8.113251686096191406e+00
8.113007545471191406e+00
8.112673759460449219e+00
8.112673759460449219e+00
8.112670898437500000e+00
8.113870620727539062e+00
8.113863945007324219e+00
8.113721847534179688e+00
8.113735198974609375e+00
8.113145828247070312e+00
8.113145828247070312e+00
8.113533020019531250e+00
8.113171577453613281e+00
8.113424301147460938e+00
8.113275527954101562e+00
8.112729072570800781e+00
8.112887382507324219e+00
8.112887382507324219e+00
8.113246917724609375e+00
8.113203048706054688e+00
8.113188743591308594e+00
8.113206863403320312e+00
8.113206863403320312e+00
8.113206863403320312e+00
8.113306045532226562e+00
8.113306045532226562e+00
8.113306045532226562e+00
8.113238334655761719e+00
8.112891197204589844e+00
8.112891197204589844e+00
8.113048553466796875e+00
8.113001823425292969e+00
8.112827301025390625e+00
8.112827301025390625e+00
8.113131523132324219e+00
8.112998962402343750e+00
8.112751007080078125e+00
8.112548828125000000e+00
8.112421035766601562e+00
8.112407684326171875e+00
8.112268447875976562e+00
8.112048149108886719e+00
8.111993789672851562e+00
8.111623764038085938e+00
8.113398551940917969e+00
8.113398551940917969e+00
8.113398551940917969e+00
8.113280296325683594e+00
8.113011360168457031e+00
8.112950325012207031e+00
8.112950325012207031e+00
8.112950325012207031e+00
8.112950325012207031e+00
8.113530158996582031e+00
8.113286972045898438e+00
8.113239288330078125e+00
8.112850189208984375e+00
8.112850189208984375e+00
8.112850189208984375e+00
8.112710952758789062e+00
8.112710952758789062e+00
8.113410949707031250e+00
8.113056182861328125e+00
8.112524032592773438e+00
8.112484931945800781e+00
8.112484931945800781e+00
8.112484931945800781e+00
8.112756729125976562e+00
8.112412452697753906e+00
8.112179756164550781e+00
8.112135887145996094e+00
8.111793518066406250e+00
8.111640930175781250e+00
8.111527442932128906e+00
8.112137794494628906e+00
8.112195968627929688e+00
8.112195968627929688e+00
8.111912727355957031e+00
8.111601829528808594e+00
8.111402511596679688e+00
8.111335754394531250e+00
8.111104965209960938e+00
8.110795974731445312e+00
8.110761642456054688e+00
8.111027717590332031e+00
8.110912322998046875e+00
8.110927581787109375e+00
8.110867500305175781e+00
8.110949516296386719e+00
8.110836029052734375e+00
8.112120628356933594e+00
8.111633300781250000e+00
8.111629486083984375e+00
8.111641883850097656e+00
8.111520767211914062e+00
8.110701560974121094e+00
8.110721588134765625e+00
8.110882759094238281e+00
8.111318588256835938e+00
8.111318588256835938e+00
8.111216545104980469e+00
8.111995697021484375e+00
8.111957550048828125e+00
8.111780166625976562e+00
8.111782073974609375e+00
8.111761093139648438e+00
8.112331390380859375e+00
8.112237930297851562e+00
8.112437248229980469e+00
8.110810279846191406e+00
8.110726356506347656e+00
8.110699653625488281e+00
8.110285758972167969e+00
8.110389709472656250e+00
8.111401557922363281e+00
8.112131118774414062e+00
8.112131118774414062e+00
8.112007141113281250e+00
8.111864089965820312e+00
8.111588478088378906e+00
8.111347198486328125e+00
8.111780166625976562e+00
8.112239837646484375e+00
8.111502647399902344e+00
8.111504554748535156e+00
8.111504554748535156e+00
8.111426353454589844e+00
8.111364364624023438e+00
8.110840797424316406e+00
8.110451698303222656e+00
8.110439300537109375e+00
8.110409736633300781e+00
8.110227584838867188e+00
8.110212326049804688e+00
8.110212326049804688e+00
8.110242843627929688e+00
8.110263824462890625e+00
8.110263824462890625e+00
8.110438346862792969e+00
8.110980033874511719e+00
8.110973358154296875e+00
8.111170768737792969e+00
8.111170768737792969e+00
8.110616683959960938e+00
8.110675811767578125e+00
8.110986709594726562e+00
8.111412048339843750e+00
8.110207557678222656e+00
8.110336303710937500e+00
8.110336303710937500e+00
8.110194206237792969e+00
8.111447334289550781e+00
8.111566543579101562e+00
8.111174583435058594e+00
8.111035346984863281e+00
8.110708236694335938e+00
8.110751152038574219e+00
8.110897064208984375e+00
8.110801696777343750e+00
8.110416412353515625e+00
8.109989166259765625e+00
8.109203338623046875e+00
8.108819961547851562e+00
8.108693122863769531e+00
8.110699653625488281e+00
8.110307693481445312e+00
8.110582351684570312e+00
8.110542297363281250e+00
8.111188888549804688e+00
8.111061096191406250e+00
8.110934257507324219e+00
8.110898017883300781e+00
8.112098693847656250e+00
8.111996650695800781e+00
8.112973213195800781e+00
8.112973213195800781e+00
8.113407135009765625e+00
8.112624168395996094e+00
8.112641334533691406e+00
8.113171577453613281e+00
8.113046646118164062e+00
8.112569808959960938e+00
8.113159179687500000e+00
8.112905502319335938e+00
8.113190650939941406e+00
8.112852096557617188e+00
8.112813949584960938e+00
8.112595558166503906e+00
8.112595558166503906e+00
8.111892700195312500e+00
8.111802101135253906e+00
8.111802101135253906e+00
8.111859321594238281e+00
8.112201690673828125e+00
8.112368583679199219e+00
8.112041473388671875e+00
8.112612724304199219e+00
8.112556457519531250e+00
8.112556457519531250e+00
8.112364768981933594e+00
8.112364768981933594e+00
8.111888885498046875e+00
8.111747741699218750e+00
8.112133979797363281e+00
8.112025260925292969e+00
8.111676216125488281e+00
8.111218452453613281e+00
8.110874176025390625e+00
8.110918045043945312e+00
8.111383438110351562e+00
8.111166954040527344e+00
8.111166954040527344e+00
8.110723495483398438e+00
8.110861778259277344e+00
8.111337661743164062e+00
8.111398696899414062e+00
8.110925674438476562e+00
8.110723495483398438e+00
8.109470367431640625e+00
8.109296798706054688e+00
8.111144065856933594e+00
8.111171722412109375e+00
8.111072540283203125e+00
8.110488891601562500e+00
8.110435485839843750e+00
8.108448028564453125e+00
8.108423233032226562e+00
8.110354423522949219e+00
8.110171318054199219e+00
8.110225677490234375e+00
8.110883712768554688e+00
8.109992980957031250e+00
8.109847068786621094e+00
8.110638618469238281e+00
8.108226776123046875e+00
8.108141899108886719e+00
8.110701560974121094e+00
8.110757827758789062e+00
8.110486030578613281e+00
8.110398292541503906e+00
8.110333442687988281e+00
8.109640121459960938e+00
8.109640121459960938e+00
8.109694480895996094e+00
8.109427452087402344e+00
8.110049247741699219e+00
8.109900474548339844e+00
8.111324310302734375e+00
8.110790252685546875e+00
8.107475280761718750e+00
8.107374191284179688e+00
8.110842704772949219e+00
8.110420227050781250e+00
8.110405921936035156e+00
8.110405921936035156e+00
8.107230186462402344e+00
8.106822013854980469e+00
8.106822013854980469e+00
8.110256195068359375e+00
8.110256195068359375e+00
8.110256195068359375e+00
8.110211372375488281e+00
8.110309600830078125e+00
8.109152793884277344e+00
8.108753204345703125e+00
8.108809471130371094e+00
8.110418319702148438e+00
8.110330581665039062e+00
8.110218048095703125e+00
8.109960556030273438e+00
8.107780456542968750e+00
8.107674598693847656e+00
8.107280731201171875e+00
8.107508659362792969e+00
8.109175682067871094e+00
8.108718872070312500e+00
8.108699798583984375e+00
8.108593940734863281e+00
8.106700897216796875e+00
8.105993270874023438e+00
8.106753349304199219e+00
8.107054710388183594e+00
8.108852386474609375e+00
8.108756065368652344e+00
8.108028411865234375e+00
8.108063697814941406e+00
8.109095573425292969e+00
8.109110832214355469e+00
8.107954025268554688e+00
8.107941627502441406e+00
8.107888221740722656e+00
8.108827590942382812e+00
8.109188079833984375e+00
8.109502792358398438e+00
8.108330726623535156e+00
8.108268737792968750e+00
8.108268737792968750e+00
8.107607841491699219e+00
8.111205101013183594e+00
8.110929489135742188e+00
8.108234405517578125e+00
8.108003616333007812e+00
8.107415199279785156e+00
8.107391357421875000e+00
8.106753349304199219e+00
8.108722686767578125e+00
8.109342575073242188e+00
8.109738349914550781e+00
8.111213684082031250e+00
8.109738349914550781e+00
8.109796524047851562e+00
8.111046791076660156e+00
8.110557556152343750e+00
8.110407829284667969e+00
8.109992980957031250e+00
8.109515190124511719e+00
8.109381675720214844e+00
8.110610008239746094e+00
8.110059738159179688e+00
8.110270500183105469e+00
8.110110282897949219e+00
8.108972549438476562e+00
8.108556747436523438e+00
8.108249664306640625e+00
8.107570648193359375e+00
8.107511520385742188e+00
8.107165336608886719e+00
8.107027053833007812e+00
8.107429504394531250e+00
8.107001304626464844e+00
8.107563018798828125e+00
8.107646942138671875e+00
8.107579231262207031e+00
8.107579231262207031e+00
8.107614517211914062e+00
8.107484817504882812e+00
8.107989311218261719e+00
8.108257293701171875e+00
8.108006477355957031e+00
8.107918739318847656e+00
8.108654022216796875e+00
8.108074188232421875e+00
8.108182907104492188e+00
8.108192443847656250e+00
8.109116554260253906e+00
8.109168052673339844e+00
8.108578681945800781e+00
8.108935356140136719e+00
8.108868598937988281e+00
8.108563423156738281e+00
8.109046936035156250e+00
8.109052658081054688e+00
8.108879089355468750e+00
8.108304023742675781e+00
8.107793807983398438e+00
8.107776641845703125e+00
8.107791900634765625e+00
8.107534408569335938e+00
8.107494354248046875e+00
8.107494354248046875e+00
8.107723236083984375e+00
8.107989311218261719e+00
8.107828140258789062e+00
8.107702255249023438e+00
8.106924057006835938e+00
8.104927062988281250e+00
8.104681015014648438e+00
8.104642868041992188e+00
8.104776382446289062e+00
8.106390953063964844e+00
8.106380462646484375e+00
8.104724884033203125e+00
8.106383323669433594e+00
8.106253623962402344e+00
8.106518745422363281e+00
8.106467247009277344e+00
8.105899810791015625e+00
8.106202125549316406e+00
8.106526374816894531e+00
8.106884956359863281e+00
8.106846809387207031e+00
8.108283996582031250e+00
8.109119415283203125e+00
8.109162330627441406e+00
8.108871459960937500e+00
8.108407974243164062e+00
8.108268737792968750e+00
8.108230590820312500e+00
8.108947753906250000e+00
8.107702255249023438e+00
8.107902526855468750e+00
8.107442855834960938e+00
8.107795715332031250e+00
8.108487129211425781e+00
8.109218597412109375e+00
8.109340667724609375e+00
8.109288215637207031e+00
8.109107971191406250e+00
8.108432769775390625e+00
8.108092308044433594e+00
8.107975959777832031e+00
8.107256889343261719e+00
8.107727050781250000e+00
8.106981277465820312e+00
8.107050895690917969e+00
8.107148170471191406e+00
8.106634140014648438e+00
8.108290672302246094e+00
8.108203887939453125e+00
8.108033180236816406e+00
8.107787132263183594e+00
8.107207298278808594e+00
8.106949806213378906e+00
8.107225418090820312e+00
8.107934951782226562e+00
8.107327461242675781e+00
8.107327461242675781e+00
8.106775283813476562e+00
8.106672286987304688e+00
8.106391906738281250e+00
8.106266975402832031e+00
8.106483459472656250e+00
8.106450080871582031e+00
8.105799674987792969e+00
8.106695175170898438e+00
8.106223106384277344e+00
8.106184005737304688e+00
8.105772972106933594e+00
8.105764389038085938e+00
8.104761123657226562e+00
8.104761123657226562e+00
8.104622840881347656e+00
8.104432106018066406e+00
8.104273796081542969e+00
8.104497909545898438e+00
8.104722976684570312e+00
8.106025695800781250e+00
8.105739593505859375e+00
8.105417251586914062e+00
8.103981018066406250e+00
8.103708267211914062e+00
8.103517532348632812e+00
8.103558540344238281e+00
8.104320526123046875e+00
8.103631973266601562e+00
8.103679656982421875e+00
8.103964805603027344e+00
8.104338645935058594e+00
8.104151725769042969e+00
8.104504585266113281e+00
8.103982925415039062e+00
8.104007720947265625e+00
8.104694366455078125e+00
8.105163574218750000e+00
8.105391502380371094e+00
8.104937553405761719e+00
8.105175018310546875e+00
8.105140686035156250e+00
8.105674743652343750e+00
8.106348037719726562e+00
8.106783866882324219e+00
8.107087135314941406e+00
8.107087135314941406e+00
8.107035636901855469e+00
8.104918479919433594e+00
8.106788635253906250e+00
8.106879234313964844e+00
8.107292175292968750e+00
8.107579231262207031e+00
8.107516288757324219e+00
8.107412338256835938e+00
8.106758117675781250e+00
8.106668472290039062e+00
8.106357574462890625e+00
8.106256484985351562e+00
8.106349945068359375e+00
8.107835769653320312e+00
8.106545448303222656e+00
8.105927467346191406e+00
8.106005668640136719e+00
8.105933189392089844e+00
8.105401992797851562e+00
8.105145454406738281e+00
8.106437683105468750e+00
8.106847763061523438e+00
8.104906082153320312e+00
8.104711532592773438e+00
8.105883598327636719e+00
8.106692314147949219e+00
8.104872703552246094e+00
8.104901313781738281e+00
8.106483459472656250e+00
8.106308937072753906e+00
8.104479789733886719e+00
8.104243278503417969e+00
8.104793548583984375e+00
8.105200767517089844e+00
8.103360176086425781e+00
8.104060173034667969e+00
8.106999397277832031e+00
8.106815338134765625e+00
8.107442855834960938e+00
8.105954170227050781e+00
8.105391502380371094e+00
8.106925964355468750e+00
8.107241630554199219e+00
8.106494903564453125e+00
8.104321479797363281e+00
8.104321479797363281e+00
8.106573104858398438e+00
8.106488227844238281e+00
8.105508804321289062e+00
8.106328964233398438e+00
8.106588363647460938e+00
8.104706764221191406e+00
8.104531288146972656e+00
8.105978965759277344e+00
8.106062889099121094e+00
8.105686187744140625e+00
8.104825973510742188e+00
8.105769157409667969e+00
8.106778144836425781e+00
8.105406761169433594e+00
8.104339599609375000e+00
8.106004714965820312e+00
8.104743003845214844e+00
8.104617118835449219e+00
8.106125831604003906e+00
8.105383872985839844e+00
8.104832649230957031e+00
8.104693412780761719e+00
8.105356216430664062e+00
8.105449676513671875e+00
8.105013847351074219e+00
8.106087684631347656e+00
8.106300354003906250e+00
8.106810569763183594e+00
8.107709884643554688e+00
8.103427886962890625e+00
8.103343963623046875e+00
8.106390953063964844e+00
8.105898857116699219e+00
8.104515075683593750e+00
8.106496810913085938e+00
8.106882095336914062e+00
8.104888916015625000e+00
8.105206489562988281e+00
8.107070922851562500e+00
8.106996536254882812e+00
8.106559753417968750e+00
8.106698989868164062e+00
8.106078147888183594e+00
8.104238510131835938e+00
8.105125427246093750e+00
8.106306076049804688e+00
8.105774879455566406e+00
8.105945587158203125e+00
8.107240676879882812e+00
8.106358528137207031e+00
8.105044364929199219e+00
8.105026245117187500e+00
8.106772422790527344e+00
8.106725692749023438e+00
8.106572151184082031e+00
8.103639602661132812e+00
8.103621482849121094e+00
8.106267929077148438e+00
8.105948448181152344e+00
8.105889320373535156e+00
8.105164527893066406e+00
8.103852272033691406e+00
8.103414535522460938e+00
8.104516983032226562e+00
8.104308128356933594e+00
8.102849006652832031e+00
8.102046012878417969e+00
8.103988647460937500e+00
8.103659629821777344e+00
8.104336738586425781e+00
8.102408409118652344e+00
8.102272987365722656e+00
8.103907585144042969e+00
8.103701591491699219e+00
8.101436614990234375e+00
8.101240158081054688e+00
8.103809356689453125e+00
8.103383064270019531e+00
8.101078987121582031e+00
8.101596832275390625e+00
8.104178428649902344e+00
8.104146003723144531e+00
8.102139472961425781e+00
8.101986885070800781e+00
8.101802825927734375e+00
8.104094505310058594e+00
8.103830337524414062e+00
8.102248191833496094e+00
8.102006912231445312e+00
8.101971626281738281e+00
8.101634979248046875e+00
8.102053642272949219e+00
8.106587409973144531e+00
8.106587409973144531e+00
8.102412223815917969e+00
8.101807594299316406e+00
8.101486206054687500e+00
8.101986885070800781e+00
8.101889610290527344e+00
8.103752136230468750e+00
8.109131813049316406e+00
8.108118057250976562e+00
8.103187561035156250e+00
8.103080749511718750e+00
8.103177070617675781e+00
8.102614402770996094e+00
8.104615211486816406e+00
8.103691101074218750e+00
8.102543830871582031e+00
8.103611946105957031e+00
8.104061126708984375e+00
8.104061126708984375e+00
8.104139328002929688e+00
8.103371620178222656e+00
8.103023529052734375e+00
8.102982521057128906e+00
8.102607727050781250e+00
8.103365898132324219e+00
8.102913856506347656e+00
8.103316307067871094e+00
8.102497100830078125e+00
8.102358818054199219e+00
8.103196144104003906e+00
8.103921890258789062e+00
8.102991104125976562e+00
8.102660179138183594e+00
8.103344917297363281e+00
8.102703094482421875e+00
8.104047775268554688e+00
8.106123924255371094e+00
8.105503082275390625e+00
8.105478286743164062e+00
8.105792999267578125e+00
8.103913307189941406e+00
8.104369163513183594e+00
8.104400634765625000e+00
8.104462623596191406e+00
8.104255676269531250e+00
8.103226661682128906e+00
8.102943420410156250e+00
8.103152275085449219e+00
8.103706359863281250e+00
8.103694915771484375e+00
8.103925704956054688e+00
8.102804183959960938e+00
