1.014297313280000000e+11
7.217521152000000000e+09
7.250792448000000000e+09
3.072558284800000000e+10
3.310882406400000000e+10
1.960170496000000000e+10
5.611929088000000000e+09
1.012164160000000000e+08
4.551218176000000000e+09
6.629995520000000000e+09
9.172074496000000000e+09
8.318790656000000000e+09
3.695086848000000000e+09
1.161789312000000000e+09
2.826820600000000000e+07
4.535906560000000000e+08
1.754881920000000000e+09
2.903840512000000000e+09
3.175642880000000000e+09
2.496158720000000000e+09
1.342221056000000000e+09
3.641910080000000000e+08
1.167736562500000000e+05
2.772726720000000000e+08
8.682229760000000000e+08
1.333426688000000000e+09
1.387414144000000000e+09
1.032318208000000000e+09
5.053680960000000000e+08
1.039733280000000000e+08
6.601552500000000000e+06
1.890528320000000000e+08
4.699522560000000000e+08
6.422030720000000000e+08
6.004599040000000000e+08
3.877286400000000000e+08
1.449616640000000000e+08
9.427663000000000000e+06
3.130578000000000000e+07
1.564213440000000000e+08
2.763477440000000000e+08
3.050839360000000000e+08
2.299658080000000000e+08
1.079022560000000000e+08
1.757263400000000000e+07
4.806214000000000000e+06
5.763604800000000000e+07
1.232068800000000000e+08
1.494923680000000000e+08
1.201779280000000000e+08
6.001759200000000000e+07
1.125261400000000000e+07
1.629420000000000000e+06
2.738533600000000000e+07
6.088526000000000000e+07
7.395679200000000000e+07
5.801904000000000000e+07
2.705988600000000000e+07
3.847377250000000000e+06
1.897932750000000000e+06
1.701276800000000000e+07
3.323132600000000000e+07
3.662426000000000000e+07
2.542569400000000000e+07
9.369000000000000000e+06
3.744325625000000000e+05
3.027587750000000000e+06
1.222357200000000000e+07
1.872180000000000000e+07
1.706546000000000000e+07
9.245321000000000000e+06
1.892572125000000000e+06
1.950867812500000000e+05
3.956210500000000000e+06
8.639421000000000000e+06
9.783826000000000000e+06
6.648427000000000000e+06
2.198453500000000000e+06
2.077125000000000000e+04
1.215041000000000000e+06
3.883674500000000000e+06
5.237131000000000000e+06
4.114813750000000000e+06
1.701581500000000000e+06
1.104878203125000000e+05
3.953465625000000000e+05
1.808455250000000000e+06
2.759567250000000000e+06
2.356628500000000000e+06
1.076580625000000000e+06
1.067621796875000000e+05
1.595569531250000000e+05
9.124052500000000000e+05
1.474061500000000000e+06
1.291575875000000000e+06
5.970086250000000000e+05
5.890369921875000000e+04
9.016561718750000000e+04
5.079543125000000000e+05
8.058454375000000000e+05
6.836123125000000000e+05
2.938830000000000000e+05
1.939789062500000000e+04
6.904504687500000000e+04
3.081779687500000000e+05
4.469864062500000000e+05
3.459743125000000000e+05
1.250830625000000000e+05
1.935550781250000000e+03
6.167012890625000000e+04
1.966312031250000000e+05
2.455234375000000000e+05
1.624668437500000000e+05
4.220707812500000000e+04
1.013750915527343750e+03
5.623280859375000000e+04
1.258211875000000000e+05
1.287537187500000000e+05
6.688853125000000000e+04
8.628327148437500000e+03
7.080979492187500000e+03
4.821555468750000000e+04
7.682967187500000000e+04
6.108776171875000000e+04
2.152269921875000000e+04
1.504156951904296875e+02
1.284467285156250000e+04
3.707614453125000000e+04
4.239905859375000000e+04
2.414784960937500000e+04
3.896418701171875000e+03
1.666806884765625000e+03
1.473968652343750000e+04
2.456700976562500000e+04
1.968364843750000000e+04
6.670388671875000000e+03
1.646981620788574219e+01
4.731646484375000000e+03
1.254957031250000000e+04
1.343318750000000000e+04
6.815593750000000000e+03
6.832033081054687500e+02
1.109595092773437500e+03
5.805492675781250000e+03
8.169581054687500000e+03
5.487285156250000000e+03
1.245983642578125000e+03
1.331165313720703125e+02
2.465473632812500000e+03
4.619793945312500000e+03
3.861796875000000000e+03
1.323574096679687500e+03
6.764682769775390625e+00
9.757418823242187500e+02
2.501277832031250000e+03
2.501659912109375000e+03
1.108739746093750000e+03
5.482783126831054688e+01
3.689389953613281250e+02
1.316267822265625000e+03
1.543144409179687500e+03
8.334500122070312500e+02
9.044918823242187500e+01
1.394412841796875000e+02
7.005310668945312500e+02
9.347466430664062500e+02
5.654395141601562500e+02
9.105728149414062500e+01
5.379637527465820312e+01
3.728661804199218750e+02
5.526358642578125000e+02
3.722466735839843750e+02
7.462110900878906250e+01
2.343064498901367188e+01
2.077705078125000000e+02
3.310980529785156250e+02
2.307100067138671875e+02
5.398868560791015625e+01
1.386441898345947266e+01
1.201680068969726562e+02
1.981278533935546875e+02
1.425710449218750000e+02
3.389854049682617188e+01
1.067849826812744141e+01
7.317985534667968750e+01
1.182287826538085938e+02
8.342993164062500000e+01
2.180927276611328125e+01
9.034094810485839844e+00
4.610010910034179688e+01
7.493871307373046875e+01
5.016894531250000000e+01
1.345161342620849609e+01
8.573185920715332031e+00
3.254423904418945312e+01
4.714770507812500000e+01
3.043467712402343750e+01
8.755519866943359375e+00
8.993192672729492188e+00
2.409111785888671875e+01
