1.375835693359375000e+03
3.211261291503906250e+02
4.887857055664062500e+01
5.540204048156738281e+00
1.388453096151351929e-01
1.277571618556976318e-01
1.315598487854003906e-01
1.329683065414428711e-01
1.336193978786468506e-01
1.339629292488098145e-01
1.340657323598861694e-01
1.340522170066833496e-01
1.339561492204666138e-01
1.338063180446624756e-01
1.336213946342468262e-01
1.334076821804046631e-01
1.331692337989807129e-01
1.329007744789123535e-01
1.325976997613906860e-01
1.322041004896163940e-01
1.317295879125595093e-01
1.311645954847335815e-01
1.304536461830139160e-01
1.295232623815536499e-01
1.273620128631591797e-01
1.223249211907386780e-01
1.210118755698204041e-01
1.204419508576393127e-01
1.200051158666610718e-01
1.192410066723823547e-01
1.175812929868698120e-01
1.159821152687072754e-01
1.143311336636543274e-01
1.127045527100563049e-01
1.110336780548095703e-01
1.090627163648605347e-01
1.069294288754463196e-01
1.045628041028976440e-01
1.022154390811920166e-01
9.949784725904464722e-02
9.626392275094985962e-02
9.325706213712692261e-02
9.167972207069396973e-02
9.097102284431457520e-02
9.047614783048629761e-02
9.009055048227310181e-02
8.935109525918960571e-02
8.896595984697341919e-02
8.856298774480819702e-02
8.834849298000335693e-02
8.820809423923492432e-02
8.752053231000900269e-02
8.708419650793075562e-02
8.650521934032440186e-02
8.562923222780227661e-02
8.463685214519500732e-02
8.373487740755081177e-02
8.262274414300918579e-02
8.141776174306869507e-02
8.012885600328445435e-02
7.855249941349029541e-02
7.640894502401351929e-02
7.321507483720779419e-02
7.153131812810897827e-02
7.019890099763870239e-02
6.804244220256805420e-02
6.625317782163619995e-02
6.465332210063934326e-02
6.307578086853027344e-02
6.203543394804000854e-02
5.926733091473579407e-02
5.562777072191238403e-02
5.075167119503021240e-02
4.827365279197692871e-02
4.742855578660964966e-02
4.705081880092620850e-02
4.581286758184432983e-02
4.500521719455718994e-02
4.425957053899765015e-02
4.369302839040756226e-02
4.332807287573814392e-02
4.285482689738273621e-02
4.237910732626914978e-02
4.199260845780372620e-02
4.183273017406463623e-02
4.080716148018836975e-02
3.957857191562652588e-02
3.867802023887634277e-02
3.837070986628532410e-02
3.727101162075996399e-02
3.632637113332748413e-02
3.583910316228866577e-02
3.528745099902153015e-02
3.439308702945709229e-02
3.401380404829978943e-02
3.368537873029708862e-02
3.305878117680549622e-02
3.251886740326881409e-02
3.237087652087211609e-02
3.200028836727142334e-02
3.170122951269149780e-02
3.105461969971656799e-02
3.066970594227313995e-02
3.110061213374137878e-02
3.080607578158378601e-02
3.096654638648033142e-02
3.025184944272041321e-02
2.997939847409725189e-02
3.004433959722518921e-02
2.976029366254806519e-02
2.976695448160171509e-02
2.922595292329788208e-02
2.882781811058521271e-02
2.835617959499359131e-02
2.812019363045692444e-02
2.836091816425323486e-02
2.735899016261100769e-02
2.774700336158275604e-02
2.751678414642810822e-02
2.708975784480571747e-02
2.666127681732177734e-02
2.677340433001518250e-02
2.690050378441810608e-02
2.813396602869033813e-02
2.928580343723297119e-02
2.887943014502525330e-02
2.965997532010078430e-02
2.810360491275787354e-02
2.645338699221611023e-02
2.615161426365375519e-02
2.503835782408714294e-02
2.469341643154621124e-02
2.470925636589527130e-02
2.480450272560119629e-02
2.448612265288829803e-02
2.383664436638355255e-02
2.361034415662288666e-02
2.360024116933345795e-02
2.471292763948440552e-02
2.456966601312160492e-02
2.378670684993267059e-02
2.298864163458347321e-02
2.276523783802986145e-02
2.238358557224273682e-02
2.216275967657566071e-02
2.186133526265621185e-02
2.235173247754573822e-02
2.131274528801441193e-02
2.142240479588508606e-02
2.045738138258457184e-02
2.020405977964401245e-02
1.957382634282112122e-02
1.990665867924690247e-02
1.963064447045326233e-02
1.929821819067001343e-02
1.901642046868801117e-02
1.905112713575363159e-02
1.793904043734073639e-02
1.809945516288280487e-02
1.841256394982337952e-02
2.049432136118412018e-02
2.105035074055194855e-02
2.123219333589076996e-02
2.440184541046619415e-02
2.278113551437854767e-02
2.079203352332115173e-02
1.917722448706626892e-02
1.778014935553073883e-02
1.753418892621994019e-02
1.797716692090034485e-02
1.696207560598850250e-02
1.609360799193382263e-02
1.597926393151283264e-02
1.599249057471752167e-02
1.556943543255329132e-02
1.558846980333328247e-02
1.489710807800292969e-02
1.511779427528381348e-02
1.485789846628904343e-02
1.476957090198993683e-02
1.486045587807893753e-02
1.476207934319972992e-02
1.426003687083721161e-02
1.390268187969923019e-02
1.399837434291839600e-02
1.398969069123268127e-02
1.456957682967185974e-02
1.399914547801017761e-02
1.365936268121004105e-02
1.357756089419126511e-02
1.362490747123956680e-02
1.320809684693813324e-02
1.290340349078178406e-02
1.305816881358623505e-02
1.286191772669553757e-02
1.260974165052175522e-02
1.247153431177139282e-02
1.259066723287105560e-02
1.552859414368867874e-02
1.693609915673732758e-02
1.382435113191604614e-02
1.368662063032388687e-02
1.313070394098758698e-02
1.243285834789276123e-02
1.205349247902631760e-02
1.168611925095319748e-02
1.155666261911392212e-02
1.186708733439445496e-02
1.149625331163406372e-02
1.139164436608552933e-02
1.110511273145675659e-02
1.144748274236917496e-02
1.460586488246917725e-02
1.452002301812171936e-02
1.234109420329332352e-02
1.168734487146139145e-02
1.160805579274892807e-02
1.157832983881235123e-02
1.132484711706638336e-02
1.102123875170946121e-02
1.068282127380371094e-02
1.072007510811090469e-02
1.160336751490831375e-02
1.229918468743562698e-02
1.057101413607597351e-02
1.099944859743118286e-02
1.055742520838975906e-02
1.071283221244812012e-02
1.068764925003051758e-02
1.043976843357086182e-02
1.080040633678436279e-02
1.038042921572923660e-02
1.023567281663417816e-02
1.041923277080059052e-02
1.233737450093030930e-02
1.256419159471988678e-02
1.243359502404928207e-02
1.038799528032541275e-02
1.020740345120429993e-02
1.030801795423030853e-02
9.909727610647678375e-03
9.562209248542785645e-03
9.512108750641345978e-03
9.303767234086990356e-03
9.606915526092052460e-03
9.875417686998844147e-03
9.651122614741325378e-03
9.460045956075191498e-03
9.285070002079010010e-03
9.301370941102504730e-03
9.770510718226432800e-03
1.447305735200643539e-02
2.992506884038448334e-02
4.753319174051284790e-02
2.910505607724189758e-02
2.688308432698249817e-02
2.150307409465312958e-02
1.670795679092407227e-02
1.342764403671026230e-02
1.201527938246726990e-02
1.066122483462095261e-02
1.054005045443773270e-02
1.008034497499465942e-02
1.004665996879339218e-02
9.633856825530529022e-03
9.502542205154895782e-03
9.501160122454166412e-03
9.812084026634693146e-03
9.624743834137916565e-03
9.400471113622188568e-03
9.496442973613739014e-03
9.238864295184612274e-03
8.996954187750816345e-03
8.894291706383228302e-03
9.133564308285713196e-03
9.119917638599872589e-03
9.107500314712524414e-03
8.810378611087799072e-03
8.870097808539867401e-03
8.760763332247734070e-03
8.843954652547836304e-03
9.059613570570945740e-03
9.707467630505561829e-03
9.565008804202079773e-03
9.388126432895660400e-03
9.658705443143844604e-03
9.381211362779140472e-03
9.671218693256378174e-03
9.252044372260570526e-03
9.540984407067298889e-03
9.541589766740798950e-03
8.886422961950302124e-03
9.062598459422588348e-03
1.021665893495082855e-02
9.394063614308834076e-03
9.178358130156993866e-03
8.777687326073646545e-03
8.547778241336345673e-03
8.398869074881076813e-03
8.408981375396251678e-03
8.503775112330913544e-03
8.611541241407394409e-03
8.657432161271572113e-03
8.799416944384574890e-03
8.450141176581382751e-03
9.566375054419040680e-03
9.464754723012447357e-03
8.694149553775787354e-03
8.350894786417484283e-03
8.341100066900253296e-03
8.534033782780170441e-03
8.433582261204719543e-03
8.212337270379066467e-03
8.327626623213291168e-03
8.379895240068435669e-03
8.227910846471786499e-03
9.361210279166698456e-03
1.125500258058309555e-02
1.158009469509124756e-02
1.139584183692932129e-02
1.297325640916824341e-02
1.414072699844837189e-02
1.176356524229049683e-02
1.020884420722723007e-02
8.885396644473075867e-03
8.407692424952983856e-03
8.280898444354534149e-03
8.364222012460231781e-03
8.222340606153011322e-03
7.940973155200481415e-03
8.433694019913673401e-03
8.927220478653907776e-03
8.276368491351604462e-03
8.684884756803512573e-03
8.382487110793590546e-03
8.016915060579776764e-03
7.924405857920646667e-03
7.785772904753684998e-03
7.821076549589633942e-03
7.734319195151329041e-03
7.814937271177768707e-03
7.931306026875972748e-03
7.899655029177665710e-03
7.803677115589380264e-03
7.972747087478637695e-03
8.767989464104175568e-03
7.864837534725666046e-03
8.134799078106880188e-03
7.724747061729431152e-03
7.768182083964347839e-03
7.980996742844581604e-03
8.698324672877788544e-03
8.263090625405311584e-03
7.954800501465797424e-03
7.480269763618707657e-03
7.678165100514888763e-03
7.927473634481430054e-03
7.666823919862508774e-03
7.755680009722709656e-03
7.393625099211931229e-03
7.462189067155122757e-03
9.168117307126522064e-03
8.286860771477222443e-03
7.668545469641685486e-03
7.400362752377986908e-03
7.323398720473051071e-03
7.533815689384937286e-03
7.661463692784309387e-03
7.294742390513420105e-03
7.424855604767799377e-03
7.631180807948112488e-03
7.770421449095010757e-03
7.718625944107770920e-03
8.037250488996505737e-03
9.764200076460838318e-03
8.637708611786365509e-03
8.297618478536605835e-03
7.986742071807384491e-03
7.752564735710620880e-03
7.962912321090698242e-03
8.080318570137023926e-03
7.291432004421949387e-03
7.381822913885116577e-03
7.619627751410007477e-03
7.902631536126136780e-03
8.080338127911090851e-03
7.831539958715438843e-03
8.090697228908538818e-03
8.503925055265426636e-03
7.515660487115383148e-03
7.638111244887113571e-03
7.755908649414777756e-03
7.823841646313667297e-03
7.723283488303422928e-03
8.079189807176589966e-03
9.079008363187313080e-03
9.133515879511833191e-03
8.362391032278537750e-03
7.476148661226034164e-03
7.255516480654478073e-03
7.368354592472314835e-03
7.340303156524896622e-03
7.496676407754421234e-03
7.330395746976137161e-03
7.279432844370603561e-03
8.147354237735271454e-03
7.468203548341989517e-03
7.536389399319887161e-03
7.178583648055791855e-03
6.994758732616901398e-03
6.857763044536113739e-03
7.193589117377996445e-03
9.534873068332672119e-03
8.981697261333465576e-03
8.948154747486114502e-03
8.059062995016574860e-03
7.677364628762006760e-03
7.559977006167173386e-03
7.246589288115501404e-03
7.236050441861152649e-03
7.020046934485435486e-03
6.944432388991117477e-03
6.919289473444223404e-03
6.845729425549507141e-03
6.912218872457742691e-03
7.327966857701539993e-03
8.614565245807170868e-03
7.462812587618827820e-03
6.988206878304481506e-03
6.973417475819587708e-03
7.045467384159564972e-03
7.006919942796230316e-03
7.086341269314289093e-03
7.124670315533876419e-03
7.520051673054695129e-03
7.692024111747741699e-03
6.932170130312442780e-03
6.924573332071304321e-03
6.937301717698574066e-03
7.085148245096206665e-03
9.227523580193519592e-03
1.045692618936300278e-02
1.027741190046072006e-02
8.237835019826889038e-03
7.318289950489997864e-03
7.015448994934558868e-03
6.953498814254999161e-03
6.899205036461353302e-03
6.920118816196918488e-03
7.029257249087095261e-03
6.762153003364801407e-03
6.745647173374891281e-03
6.747561506927013397e-03
6.876983679831027985e-03
7.364410907030105591e-03
7.815471850335597992e-03
7.298904005438089371e-03
6.799742113798856735e-03
6.743391044437885284e-03
6.530165206640958786e-03
6.556563545018434525e-03
6.560584064573049545e-03
6.509457714855670929e-03
6.598213687539100647e-03
6.845409050583839417e-03
6.628746166825294495e-03
6.687677465379238129e-03
9.157446213066577911e-03
8.669431321322917938e-03
7.295175921171903610e-03
7.867786101996898651e-03
7.406767457723617554e-03
7.148149423301219940e-03
7.196812424808740616e-03
6.868616677820682526e-03
6.681157741695642471e-03
6.789853330701589584e-03
6.629033945500850677e-03
6.465415470302104950e-03
6.464089732617139816e-03
6.523782853037118912e-03
7.259304635226726532e-03
7.963423617184162140e-03
8.569122292101383209e-03
6.962012499570846558e-03
7.419986184686422348e-03
6.865610834211111069e-03
6.897431332617998123e-03
6.581555586308240891e-03
6.530507002025842667e-03
6.408188492059707642e-03
6.496069952845573425e-03
6.768190301954746246e-03
7.363434415310621262e-03
8.231865242123603821e-03
7.280779536813497543e-03
6.931722629815340042e-03
7.994131185114383698e-03
7.643376477062702179e-03
7.120736408978700638e-03
7.175423204898834229e-03
6.689095869660377502e-03
6.633262149989604950e-03
6.426586303859949112e-03
6.380660925060510635e-03
6.369811482727527618e-03
6.291687954217195511e-03
6.387429311871528625e-03
6.342103239148855209e-03
6.546061020344495773e-03
6.584159098565578461e-03
1.052839960902929306e-02
2.384666167199611664e-02
2.670951001346111298e-02
1.680152863264083862e-02
1.206185948103666306e-02
1.182662136852741241e-02
1.011687517166137695e-02
9.317392483353614807e-03
7.687051314860582352e-03
7.394507061690092087e-03
7.176137063652276993e-03
7.168960291892290115e-03
7.603174541145563126e-03
8.032361976802349091e-03
7.781831081956624985e-03
6.812026724219322205e-03
6.672816816717386246e-03
6.732442881911993027e-03
6.583596114069223404e-03
6.633636541664600372e-03
6.519769784063100815e-03
6.417070049792528152e-03
6.465996615588665009e-03
6.467909552156925201e-03
6.508960854262113571e-03
6.423005368560552597e-03
6.450049579143524170e-03
6.406705360859632492e-03
6.379877682775259018e-03
6.682682316750288010e-03
6.647962145507335663e-03
6.502735428512096405e-03
6.656525656580924988e-03
6.413330323994159698e-03
6.295965518802404404e-03
6.397373043000698090e-03
6.864860653877258301e-03
6.355527788400650024e-03
6.421363446861505508e-03
6.591626908630132675e-03
6.369455717504024506e-03
6.327063776552677155e-03
6.382741499692201614e-03
8.052679710090160370e-03
1.292315497994422913e-02
1.105731073766946793e-02
1.060275640338659286e-02
8.689118549227714539e-03
7.239672355353832245e-03
6.875768303871154785e-03
6.649535149335861206e-03
6.639608182013034821e-03
6.464210338890552521e-03
6.419307086616754532e-03
6.567769218236207962e-03
6.544084753841161728e-03
6.306209601461887360e-03
6.347887217998504639e-03
6.543270777910947800e-03
9.342631325125694275e-03
8.148408494889736176e-03
6.919135805219411850e-03
6.481817923486232758e-03
6.253925152122974396e-03
6.359718739986419678e-03
6.132352631539106369e-03
6.169965956360101700e-03
6.641754414886236191e-03
6.771028973162174225e-03
6.571575999259948730e-03
6.526221055537462234e-03
6.520459894090890884e-03
6.251529790461063385e-03
6.060612387955188751e-03
6.146388128399848938e-03
6.032976787537336349e-03
6.122280377894639969e-03
8.615664206445217133e-03
1.183365564793348312e-02
8.651870302855968475e-03
7.303290069103240967e-03
6.877953652292490005e-03
6.473401561379432678e-03
6.477550603449344635e-03
6.451188120990991592e-03
6.291357800364494324e-03
6.302361376583576202e-03
6.179129239171743393e-03
6.200996693223714828e-03
6.155270617455244064e-03
6.107329856604337692e-03
6.172263063490390778e-03
6.191763095557689667e-03
6.014205515384674072e-03
5.996840074658393860e-03
6.103471852838993073e-03
6.085973698645830154e-03
6.191958673298358917e-03
7.811721879988908768e-03
1.157224643975496292e-02
1.050635613501071930e-02
1.272512786090373993e-02
1.306717190891504288e-02
2.390515804290771484e-02
2.747295424342155457e-02
2.975666522979736328e-02
2.583217620849609375e-02
1.762258633971214294e-02
1.405926328152418137e-02
1.176486071199178696e-02
1.066723652184009552e-02
8.649934083223342896e-03
8.036592043936252594e-03
7.690223865211009979e-03
6.909102201461791992e-03
6.538305897265672684e-03
6.502708420157432556e-03
6.527519319206476212e-03
6.500823423266410828e-03
6.684425286948680878e-03
6.445163395255804062e-03
6.587689276784658432e-03
6.605637725442647934e-03
7.416406646370887756e-03
6.565426010638475418e-03
6.526435259729623795e-03
6.483630277216434479e-03
6.517723202705383301e-03
6.530382204800844193e-03
6.735563278198242188e-03
7.036100141704082489e-03
7.057609502226114273e-03
6.698924116790294647e-03
6.190320476889610291e-03
6.159610114991664886e-03
6.086460314691066742e-03
6.112638395279645920e-03
6.035160738974809647e-03
6.059913896024227142e-03
5.996463354676961899e-03
6.360377185046672821e-03
1.017974875867366791e-02
1.375372149050235748e-02
9.350537322461605072e-03
8.189584128558635712e-03
7.885842584073543549e-03
7.099731825292110443e-03
7.764260750263929367e-03
7.019382901489734650e-03
6.761089898645877838e-03
6.435889285057783127e-03
6.280026398599147797e-03
6.314547732472419739e-03
6.167505402117967606e-03
6.071223877370357513e-03
6.129262503236532211e-03
6.007769610732793808e-03
6.006509531289339066e-03
6.043037399649620056e-03
6.083128973841667175e-03
6.230824626982212067e-03
6.127214059233665466e-03
6.257465109229087830e-03
9.871285408735275269e-03
1.295696385204792023e-02
1.403738185763359070e-02
1.855585165321826935e-02
1.565340161323547363e-02
1.170324161648750305e-02
1.038241479545831680e-02
8.772259578108787537e-03
7.684055715799331665e-03
7.296569645404815674e-03
6.906934082508087158e-03
6.566951051354408264e-03
6.225809920579195023e-03
6.272832863032817841e-03
6.213709712028503418e-03
6.238046567887067795e-03
6.061275023967027664e-03
6.131368223577737808e-03
6.026928313076496124e-03
6.069074850529432297e-03
6.046260707080364227e-03
6.086317822337150574e-03
6.019138265401124954e-03
5.958692636340856552e-03
5.961274262517690659e-03
5.957486107945442200e-03
5.941634066402912140e-03
6.109334994107484818e-03
6.297022569924592972e-03
6.917736027389764786e-03
6.853887811303138733e-03
6.181202363222837448e-03
5.968623794615268707e-03
5.978710018098354340e-03
6.101615726947784424e-03
6.029101088643074036e-03
6.481498479843139648e-03
6.992659065872430801e-03
6.517769303172826767e-03
6.202383898198604584e-03
5.998778622597455978e-03
5.833090748637914658e-03
5.785142537206411362e-03
5.834931042045354843e-03
5.770576652139425278e-03
5.894084461033344269e-03
5.827988497912883759e-03
5.741358269006013870e-03
6.000075954943895340e-03
6.526850163936614990e-03
2.119914442300796509e-02
1.593825407326221466e-02
1.283954363316297531e-02
1.069514267146587372e-02
8.089579641819000244e-03
7.441849913448095322e-03
6.769976112991571426e-03
6.507560610771179199e-03
6.390003487467765808e-03
6.407509557902812958e-03
6.335562095046043396e-03
6.059470586478710175e-03
5.982130765914916992e-03
5.962880328297615051e-03
6.038801278918981552e-03
6.066106725484132767e-03
5.915226880460977554e-03
6.053319666534662247e-03
6.170296575874090195e-03
7.608193438500165939e-03
8.735412731766700745e-03
8.102958090603351593e-03
7.199976127594709396e-03
6.452686153352260590e-03
5.957651417702436447e-03
5.984656047075986862e-03
6.000490393489599228e-03
5.895077250897884369e-03
5.845969077199697495e-03
5.838289391249418259e-03
5.901657510548830032e-03
5.830225069075822830e-03
5.862625781446695328e-03
5.959638394415378571e-03
5.900700110942125320e-03
5.826861597597599030e-03
5.752163939177989960e-03
5.776050500571727753e-03
5.937530193477869034e-03
6.275109015405178070e-03
8.606263436377048492e-03
2.273569256067276001e-02
3.557817637920379639e-02
3.330127894878387451e-02
3.692885115742683411e-02
2.006876096129417419e-02
1.477213669568300247e-02
1.035502832382917404e-02
9.173612110316753387e-03
8.685864508152008057e-03
7.749876938760280609e-03
7.280470803380012512e-03
6.923744454979896545e-03
6.666617467999458313e-03
6.542813498526811600e-03
6.459470838308334351e-03
6.314289290457963943e-03
6.335222162306308746e-03
6.206263322383165359e-03
6.104923784732818604e-03
6.060827057808637619e-03
6.037280429154634476e-03
6.059149745851755142e-03
5.997502245008945465e-03
5.944605451077222824e-03
6.081564817577600479e-03
6.018728017807006836e-03
5.878803785890340805e-03
5.774354096502065659e-03
5.819326266646385193e-03
5.871231667697429657e-03
6.032279226928949356e-03
6.254695821553468704e-03
6.036409642547369003e-03
5.834882147610187531e-03
5.769982468336820602e-03
5.723465699702501297e-03
5.701408255845308304e-03
5.784505978226661682e-03
6.037041079252958298e-03
6.183391902595758438e-03
6.160140037536621094e-03
7.268087938427925110e-03
1.018877606838941574e-02
2.655981108546257019e-02
3.825455904006958008e-02
2.283583581447601318e-02
1.610304228961467743e-02
1.198342163115739822e-02
9.673584252595901489e-03
8.671141229569911957e-03
7.686760742217302322e-03
7.053481880575418472e-03
6.838988978415727615e-03
6.451995112001895905e-03
6.456227507442235947e-03
