2.797940492630004883e+00
6.231378912925720215e-01
4.754195809364318848e-01
1.632355004549026489e-01
1.894014775753021240e-01
2.117285579442977905e-01
1.706541031599044800e-01
1.375259459018707275e-01
1.210117116570472717e-01
1.040478721261024475e-01
9.508658200502395630e-02
9.774137288331985474e-02
9.192040562629699707e-02
8.064903318881988525e-02
7.692802697420120239e-02
7.645551115274429321e-02
7.375905662775039673e-02
6.993111968040466309e-02
6.741086393594741821e-02
6.417086720466613770e-02
6.179878860712051392e-02
6.153788790106773376e-02
6.020210683345794678e-02
5.890458822250366211e-02
5.932789295911788940e-02
5.915466323494911194e-02
5.827055871486663818e-02
5.784228816628456116e-02
5.736741051077842712e-02
5.681159347295761108e-02
5.643485486507415771e-02
5.599119886755943298e-02
5.582886934280395508e-02
5.567312985658645630e-02
5.536663532257080078e-02
5.527010932564735413e-02
5.503429844975471497e-02
5.478730425238609314e-02
5.463152378797531128e-02
5.441059172153472900e-02
5.424230173230171204e-02
5.414344742894172668e-02
5.392112582921981812e-02
5.380543321371078491e-02
5.366541072726249695e-02
5.349173396825790405e-02
5.343879014253616333e-02
5.329605191946029663e-02
5.311259627342224121e-02
5.299369245767593384e-02
5.290289223194122314e-02
5.277347192168235779e-02
5.265707150101661682e-02
5.260007083415985107e-02
5.246793478727340698e-02
5.240717902779579163e-02
5.229774862527847290e-02
5.220609530806541443e-02
5.216835066676139832e-02
5.204478651285171509e-02
5.199412629008293152e-02
5.188026279211044312e-02
5.187824741005897522e-02
5.178737267851829529e-02
5.170013010501861572e-02
5.167689174413681030e-02
5.153773352503776550e-02
5.150580406188964844e-02
5.146653205156326294e-02
5.135950446128845215e-02
5.133581534028053284e-02
5.127527564764022827e-02
5.120660364627838135e-02
5.114505067467689514e-02
5.106526985764503479e-02
5.107291787862777710e-02
5.099720135331153870e-02
5.095114931464195251e-02
5.097621306777000427e-02
5.081728100776672363e-02
5.081806331872940063e-02
5.072385445237159729e-02
5.069289728999137878e-02
5.059866607189178467e-02
5.058244615793228149e-02
5.053845420479774475e-02
5.046924203634262085e-02
5.052045732736587524e-02
5.041504278779029846e-02
5.031185597181320190e-02
5.027291551232337952e-02
5.021555349230766296e-02
5.019793286919593811e-02
5.013722181320190430e-02
5.008360743522644043e-02
5.004292726516723633e-02
5.005123838782310486e-02
5.001185834407806396e-02
4.990086331963539124e-02
4.988349974155426025e-02
4.984684661030769348e-02
4.979547858238220215e-02
4.971923679113388062e-02
4.964852333068847656e-02
4.965091124176979065e-02
4.949873313307762146e-02
4.962598532438278198e-02
4.945731535553932190e-02
4.951024800539016724e-02
4.946116730570793152e-02
4.936186224222183228e-02
4.931783303618431091e-02
4.930949211120605469e-02
4.926046729087829590e-02
4.918675124645233154e-02
4.913041368126869202e-02
4.904771596193313599e-02
4.909977689385414124e-02
4.896231368184089661e-02
4.895821213722229004e-02
4.889025166630744934e-02
4.881864413619041443e-02
4.883701354265213013e-02
4.875313863158226013e-02
4.877699166536331177e-02
4.870627820491790771e-02
4.863324388861656189e-02
4.863378405570983887e-02
4.855367541313171387e-02
4.853938519954681396e-02
4.849777370691299438e-02
4.844372719526290894e-02
4.841486737132072449e-02
4.839513078331947327e-02
4.829891771078109741e-02
4.827747866511344910e-02
4.822139069437980652e-02
4.822269454598426819e-02
4.812662303447723389e-02
4.811147972941398621e-02
4.807782918214797974e-02
4.814721643924713135e-02
4.801350831985473633e-02
4.798411950469017029e-02
4.797713086009025574e-02
4.786929115653038025e-02
4.794149100780487061e-02
4.782642796635627747e-02
4.787350073456764221e-02
4.777428880333900452e-02
4.784349352121353149e-02
4.769846051931381226e-02
4.771728068590164185e-02
4.758554697036743164e-02
4.754332453012466431e-02
4.753062501549720764e-02
4.748794436454772949e-02
4.757877439260482788e-02
4.742899164557456970e-02
4.738681390881538391e-02
4.732184112071990967e-02
4.732005670666694641e-02
4.726857692003250122e-02
4.725733026862144470e-02
4.719643667340278625e-02
4.713661223649978638e-02
4.709142819046974182e-02
4.706041142344474792e-02
4.702460020780563354e-02
4.698302596807479858e-02
4.698135331273078918e-02
4.689550027251243591e-02
4.698951542377471924e-02
4.681580513715744019e-02
4.696150124073028564e-02
4.679147526621818542e-02
4.684510454535484314e-02
4.672890901565551758e-02
4.671220108866691589e-02
4.664855822920799255e-02
4.662383347749710083e-02
4.658097028732299805e-02
4.656052589416503906e-02
4.650779068470001221e-02
4.645562916994094849e-02
4.641904681921005249e-02
4.636771604418754578e-02
4.633605480194091797e-02
4.633679986000061035e-02
4.621232673525810242e-02
4.624802619218826294e-02
4.617289453744888306e-02
4.616996645927429199e-02
4.611951485276222229e-02
4.603884741663932800e-02
4.610685259103775024e-02
4.606613144278526306e-02
4.611660167574882507e-02
4.589534178376197815e-02
4.600867629051208496e-02
4.593577608466148376e-02
4.585008323192596436e-02
4.577580094337463379e-02
4.576050490140914917e-02
4.585910961031913757e-02
4.577161371707916260e-02
4.566813632845878601e-02
4.565119370818138123e-02
4.558449238538742065e-02
4.549830406904220581e-02
4.541378840804100037e-02
4.539605975151062012e-02
4.533072188496589661e-02
4.532479122281074524e-02
4.523388296365737915e-02
4.520438238978385925e-02
4.517536982893943787e-02
4.512989521026611328e-02
4.514330253005027771e-02
4.506786167621612549e-02
4.496618732810020447e-02
4.493332281708717346e-02
4.498212039470672607e-02
4.495301470160484314e-02
4.479010030627250671e-02
4.480618610978126526e-02
4.474069178104400635e-02
4.465321078896522522e-02
4.463054612278938293e-02
4.469413682818412781e-02
4.460430145263671875e-02
4.447417706251144409e-02
4.454385116696357727e-02
4.453511536121368408e-02
4.430284351110458374e-02
4.437857866287231445e-02
4.426674917340278625e-02
4.422089830040931702e-02
4.415831342339515686e-02
4.422210529446601868e-02
4.408353567123413086e-02
4.403844475746154785e-02
4.392714425921440125e-02
4.390701279044151306e-02
4.383090510964393616e-02
4.373924434185028076e-02
4.370326548814773560e-02
4.373765736818313599e-02
4.362553358078002930e-02
4.352324455976486206e-02
4.353386536240577698e-02
4.359114170074462891e-02
4.343818500638008118e-02
4.334939643740653992e-02
4.355505108833312988e-02
4.318932071328163147e-02
4.317375272512435913e-02
4.307394474744796753e-02
4.303045570850372314e-02
4.297649487853050232e-02
4.285278543829917908e-02
4.281082749366760254e-02
4.274794086813926697e-02
4.272478446364402771e-02
4.266580939292907715e-02
4.257562011480331421e-02
4.254311695694923401e-02
4.246239736676216125e-02
4.240804538130760193e-02
4.230660200119018555e-02
4.226111993193626404e-02
4.217631369829177856e-02
4.207357019186019897e-02
4.213566333055496216e-02
4.200528562068939209e-02
4.190142080187797546e-02
4.189503192901611328e-02
4.177027568221092224e-02
4.171480983495712280e-02
4.159606248140335083e-02
4.156637191772460938e-02
4.149062931537628174e-02
4.149270057678222656e-02
4.137549921870231628e-02
4.132245853543281555e-02
4.121739044785499573e-02
4.112701490521430969e-02
4.103003069758415222e-02
4.104405641555786133e-02
4.113864898681640625e-02
4.089212045073509216e-02
4.089507460594177246e-02
4.088919609785079956e-02
4.072354361414909363e-02
4.059207811951637268e-02
4.043073579668998718e-02
4.059549048542976379e-02
4.048058763146400452e-02
4.032984003424644470e-02
4.018135368824005127e-02
4.022656008601188660e-02
4.004475474357604980e-02
4.006454348564147949e-02
3.991597145795822144e-02
3.986915946006774902e-02
3.978636860847473145e-02
3.970181569457054138e-02
3.962733224034309387e-02
3.955047577619552612e-02
3.949132561683654785e-02
3.947467356920242310e-02
3.936316072940826416e-02
3.942410647869110107e-02
3.933783993124961853e-02
3.944816440343856812e-02
3.923407942056655884e-02
3.925624117255210876e-02
3.911981359124183655e-02
3.897790238261222839e-02
3.920518979430198669e-02
3.882801160216331482e-02
3.898443654179573059e-02
3.868982940912246704e-02
3.876748681068420410e-02
3.865566104650497437e-02
3.844228386878967285e-02
3.841222822666168213e-02
3.840467333793640137e-02
3.825975209474563599e-02
3.824773430824279785e-02
3.813772648572921753e-02
3.814054280519485474e-02
3.805627301335334778e-02
3.804111108183860779e-02
3.787520527839660645e-02
3.785829246044158936e-02
3.779483959078788757e-02
3.768867999315261841e-02
3.782125562429428101e-02
3.772672265768051147e-02
3.759023547172546387e-02
3.753117844462394714e-02
3.748978674411773682e-02
3.745082393288612366e-02
3.735308349132537842e-02
3.728578984737396240e-02
3.731655701994895935e-02
3.716775774955749512e-02
3.721344470977783203e-02
3.715121373534202576e-02
3.725753352046012878e-02
3.728208690881729126e-02
3.706318512558937073e-02
3.699370846152305603e-02
3.684021905064582825e-02
3.675999119877815247e-02
3.670456632971763611e-02
3.686200454831123352e-02
3.655950725078582764e-02
3.655109554529190063e-02
3.665726259350776672e-02
3.660675510764122009e-02
3.639190644025802612e-02
3.641032800078392029e-02
3.629275038838386536e-02
3.637559711933135986e-02
3.663304075598716736e-02
3.662205487489700317e-02
3.690739721059799194e-02
3.657201677560806274e-02
3.614586591720581055e-02
3.621496260166168213e-02
3.590287268161773682e-02
3.590440750122070312e-02
3.584473207592964172e-02
3.615407273173332214e-02
3.581839054822921753e-02
3.591760247945785522e-02
3.602692112326622009e-02
3.569838777184486389e-02
3.550590202212333679e-02
3.561220318078994751e-02
3.551289811730384827e-02
3.605192527174949646e-02
3.562579676508903503e-02
3.615601733326911926e-02
3.547409176826477051e-02
3.537947684526443481e-02
3.555397689342498779e-02
3.579545393586158752e-02
3.555185720324516296e-02
3.517071157693862915e-02
3.518297895789146423e-02
3.532415628433227539e-02
3.500498458743095398e-02
3.500762209296226501e-02
3.482999652624130249e-02
3.496153652667999268e-02
3.525746986269950867e-02
3.471917659044265747e-02
3.470361977815628052e-02
3.497541695833206177e-02
3.465422987937927246e-02
3.456065803766250610e-02
3.467900305986404419e-02
3.465755283832550049e-02
3.463188558816909790e-02
3.509478271007537842e-02
3.502197563648223877e-02
3.478645160794258118e-02
3.551539778709411621e-02
3.504761308431625366e-02
3.547202050685882568e-02
3.513035550713539124e-02
3.493224084377288818e-02
3.414790704846382141e-02
3.433593735098838806e-02
3.419235348701477051e-02
3.421367332339286804e-02
3.425395861268043518e-02
3.432720527052879333e-02
3.418588638305664062e-02
3.474552184343338013e-02
3.416784480214118958e-02
3.392271697521209717e-02
3.367464989423751831e-02
3.396568074822425842e-02
3.379667177796363831e-02
3.381845355033874512e-02
3.372748196125030518e-02
3.382955119013786316e-02
3.347262367606163025e-02
3.354264423251152039e-02
3.368157148361206055e-02
3.355039283633232117e-02
3.343625739216804504e-02
3.342263028025627136e-02
3.353600576519966125e-02
3.342459723353385925e-02
3.376251086592674255e-02
3.350653126835823059e-02
3.300670906901359558e-02
3.313181549310684204e-02
3.292784839868545532e-02
3.307205066084861755e-02
3.295885398983955383e-02
3.273344039916992188e-02
3.283407911658287048e-02
3.272567316889762878e-02
3.260420635342597961e-02
3.270039334893226624e-02
3.281018882989883423e-02
3.250028565526008606e-02
3.251270204782485962e-02
3.241193667054176331e-02
3.280592709779739380e-02
3.296641632914543152e-02
3.229601308703422546e-02
3.244950994849205017e-02
3.230284526944160461e-02
3.240843117237091064e-02
3.238754719495773315e-02
3.214614465832710266e-02
3.210092708468437195e-02
3.200129792094230652e-02
3.201538324356079102e-02
3.215556964278221130e-02
3.193698823451995850e-02
3.189919516444206238e-02
3.189079090952873230e-02
3.187264502048492432e-02
3.171108290553092957e-02
3.205213695764541626e-02
3.171911463141441345e-02
3.175272047519683838e-02
3.183683007955551147e-02
3.181069344282150269e-02
3.194673731923103333e-02
3.164295107126235962e-02
3.171661123633384705e-02
3.214050456881523132e-02
3.349218145012855530e-02
3.193378821015357971e-02
3.153164312243461609e-02
3.143807128071784973e-02
3.130013123154640198e-02
3.128910064697265625e-02
3.131086379289627075e-02
3.137513622641563416e-02
3.164282813668251038e-02
3.130494058132171631e-02
3.101446665823459625e-02
3.123092651367187500e-02
3.096318989992141724e-02
3.090561926364898682e-02
3.084746748208999634e-02
3.081277012825012207e-02
3.102876991033554077e-02
3.101217001676559448e-02
3.089696913957595825e-02
3.077758289873600006e-02
3.069284744560718536e-02
3.073323331773281097e-02
3.059500269591808319e-02
3.059254214167594910e-02
3.065416030585765839e-02
3.058177605271339417e-02
3.147992119193077087e-02
3.085599094629287720e-02
3.067324310541152954e-02
3.079115226864814758e-02
3.115013986825942993e-02
3.176959976553916931e-02
3.177734836935997009e-02
3.099395707249641418e-02
3.126114979386329651e-02
3.067620471119880676e-02
3.038022108376026154e-02
3.054620511829853058e-02
3.026842884719371796e-02
3.024271316826343536e-02
3.021520562469959259e-02
3.024209663271903992e-02
3.035318292677402496e-02
3.000016883015632629e-02
3.059095889329910278e-02
3.066408447921276093e-02
3.023427911102771759e-02
3.009323962032794952e-02
2.992111258208751678e-02
2.962933108210563660e-02
2.966553904116153717e-02
2.955355867743492126e-02
2.961522527039051056e-02
2.973737940192222595e-02
2.979255467653274536e-02
2.984974905848503113e-02
2.961458452045917511e-02
2.941839024424552917e-02
2.932546846568584442e-02
2.949698828160762787e-02
2.931249141693115234e-02
2.922400273382663727e-02
2.918237075209617615e-02
2.926162444055080414e-02
2.928153425455093384e-02
2.920108288526535034e-02
2.932026982307434082e-02
2.929451502859592438e-02
2.915742248296737671e-02
2.900261431932449341e-02
2.896963432431221008e-02
2.892688661813735962e-02
2.911747433245182037e-02
2.886804379522800446e-02
2.879467047750949860e-02
2.875487692654132843e-02
2.871611528098583221e-02
2.886356972157955170e-02
2.889163978397846222e-02
2.876759320497512817e-02
2.879440784454345703e-02
2.888763695955276489e-02
2.870889753103256226e-02
2.864361926913261414e-02
2.866658009588718414e-02
2.863637171685695648e-02
2.842850796878337860e-02
2.856688015162944794e-02
2.855539880692958832e-02
2.890164032578468323e-02
2.845013514161109924e-02
2.847691066563129425e-02
2.829142659902572632e-02
2.876964770257472992e-02
2.956313267350196838e-02
2.893532067537307739e-02
2.873386442661285400e-02
2.889832109212875366e-02
2.936928905546665192e-02
2.995258569717407227e-02
2.845268510282039642e-02
2.828586660325527191e-02
2.841097675263881683e-02
2.833908051252365112e-02
2.795523963868618011e-02
2.798408269882202148e-02
2.809141948819160461e-02
2.829500287771224976e-02
2.779984846711158752e-02
2.848363108932971954e-02
2.778016775846481323e-02
2.786387316882610321e-02
2.954820916056632996e-02
2.866776660084724426e-02
2.784652635455131531e-02
2.773774228990077972e-02
2.773018181324005127e-02
2.766322903335094452e-02
2.755052223801612854e-02
2.766105346381664276e-02
2.746444195508956909e-02
2.775879763066768646e-02
2.774797193706035614e-02
2.769760601222515106e-02
2.788763679563999176e-02
2.755414135754108429e-02
2.749301120638847351e-02
2.758423984050750732e-02
2.727520279586315155e-02
2.745846286416053772e-02
2.759654633700847626e-02
2.755727432668209076e-02
2.833451889455318451e-02
2.806317247450351715e-02
2.767105586826801300e-02
2.746092900633811951e-02
2.724106423556804657e-02
2.770876511931419373e-02
2.779173478484153748e-02
2.792427130043506622e-02
2.757311612367630005e-02
2.719600684940814972e-02
2.714912220835685730e-02
2.858584746718406677e-02
2.775384113192558289e-02
2.728101797401905060e-02
2.761475741863250732e-02
2.724325470626354218e-02
2.896738238632678986e-02
2.719811908900737762e-02
2.686904370784759521e-02
2.691964246332645416e-02
2.703775465488433838e-02
2.696132473647594452e-02
2.686112560331821442e-02
2.655479498207569122e-02
2.647081017494201660e-02
2.663070708513259888e-02
2.687513642013072968e-02
2.680505439639091492e-02
2.659337967634201050e-02
2.679194882512092590e-02
2.650610543787479401e-02
2.698857709765434265e-02
2.672876045107841492e-02
2.663383446633815765e-02
2.649148181080818176e-02
2.681959979236125946e-02
2.680881693959236145e-02
2.666826732456684113e-02
2.654433064162731171e-02
2.626273594796657562e-02
2.634708955883979797e-02
2.622695080935955048e-02
2.640536241233348846e-02
2.617907151579856873e-02
2.643046155571937561e-02
2.609172463417053223e-02
2.657077834010124207e-02
2.651985175907611847e-02
2.717146277427673340e-02
2.669383212924003601e-02
2.618583478033542633e-02
2.637266926467418671e-02
2.821925096213817596e-02
2.702608145773410797e-02
2.718173526227474213e-02
2.733440697193145752e-02
2.689500898122787476e-02
2.910808846354484558e-02
2.897266298532485962e-02
2.770689874887466431e-02
2.686498686671257019e-02
2.641239389777183533e-02
2.626583725214004517e-02
2.681749314069747925e-02
2.730154246091842651e-02
2.647614292800426483e-02
2.619669958949089050e-02
2.599362470209598541e-02
2.621133811771869659e-02
2.626587264239788055e-02
2.600377798080444336e-02
2.601446956396102905e-02
2.567238919436931610e-02
2.557165361940860748e-02
2.547713741660118103e-02
2.590805105865001678e-02
2.573629654943943024e-02
2.556132152676582336e-02
2.536376938223838806e-02
2.534143254160881042e-02
2.524545975029468536e-02
2.520678937435150146e-02
2.527436986565589905e-02
2.515963464975357056e-02
2.511423081159591675e-02
2.514722011983394623e-02
2.542191557586193085e-02
2.575921453535556793e-02
2.526796050369739532e-02
2.516488172113895416e-02
2.517242357134819031e-02
2.536445856094360352e-02
2.553507685661315918e-02
2.584416046738624573e-02
2.508357539772987366e-02
2.532710507512092590e-02
2.559608966112136841e-02
2.505165338516235352e-02
2.524060569703578949e-02
2.503720484673976898e-02
2.485963515937328339e-02
2.484092116355895996e-02
2.477744780480861664e-02
2.499611116945743561e-02
2.576125599443912506e-02
2.518748119473457336e-02
2.557537890970706940e-02
2.564077079296112061e-02
2.479195222258567810e-02
2.478206716477870941e-02
2.506025508046150208e-02
2.590889483690261841e-02
2.477353252470493317e-02
2.511987648904323578e-02
2.504546567797660828e-02
2.489940449595451355e-02
2.467945590615272522e-02
2.463491074740886688e-02
2.504600770771503448e-02
2.541145123541355133e-02
2.521983347833156586e-02
2.515572868287563324e-02
2.505267597734928131e-02
2.453733794391155243e-02
2.447227947413921356e-02
2.479688450694084167e-02
2.548667415976524353e-02
2.559612877666950226e-02
2.538347803056240082e-02
2.476451359689235687e-02
2.508728578686714172e-02
2.535223029553890228e-02
2.472992427647113800e-02
2.587916702032089233e-02
2.499890699982643127e-02
2.733202278614044189e-02
2.912483178079128265e-02
2.825965359807014465e-02
2.780116163194179535e-02
2.656515873968601227e-02
2.580649219453334808e-02
2.536003664135932922e-02
2.584240585565567017e-02
2.560603246092796326e-02
2.550852857530117035e-02
2.430851012468338013e-02
2.424340881407260895e-02
2.469088882207870483e-02
2.456209436058998108e-02
2.436473220586776733e-02
2.391175366938114166e-02
2.381901629269123077e-02
2.380744926631450653e-02
2.381690405309200287e-02
2.373684011399745941e-02
2.369474060833454132e-02
2.429609559476375580e-02
2.434957772493362427e-02
2.411891706287860870e-02
2.411687001585960388e-02
2.386985532939434052e-02
2.400446683168411255e-02
2.390026114881038666e-02
2.392155863344669342e-02
2.355332486331462860e-02
2.331216447055339813e-02
2.350628189742565155e-02
2.345157600939273834e-02
2.362387441098690033e-02
2.396256662905216217e-02
2.362333610653877258e-02
2.388661541044712067e-02
2.436417154967784882e-02
2.428069710731506348e-02
2.349150180816650391e-02
2.425977401435375214e-02
2.332033775746822357e-02
2.341246418654918671e-02
2.351050451397895813e-02
2.318508177995681763e-02
2.325996756553649902e-02
2.359070442616939545e-02
2.346180751919746399e-02
2.338711358606815338e-02
2.389255724847316742e-02
2.351847477257251740e-02
2.427026256918907166e-02
2.358969487249851227e-02
2.339122258126735687e-02
2.359745278954505920e-02
2.363326027989387512e-02
2.316545508801937103e-02
2.295419946312904358e-02
2.289967052638530731e-02
2.305502817034721375e-02
2.350858971476554871e-02
2.296216227114200592e-02
2.286772802472114563e-02
2.333904244005680084e-02
2.316657453775405884e-02
2.310925908386707306e-02
2.377975545823574066e-02
2.477691322565078735e-02
2.355573140084743500e-02
2.404640242457389832e-02
2.339312992990016937e-02
2.269959822297096252e-02
2.283932082355022430e-02
2.274731174111366272e-02
2.295597083866596222e-02
2.266007103025913239e-02
2.274251729249954224e-02
2.310079336166381836e-02
2.270739339292049408e-02
2.245406247675418854e-02
2.252100594341754913e-02
2.250686660408973694e-02
2.249528281390666962e-02
2.223555743694305420e-02
2.240995317697525024e-02
2.234588004648685455e-02
2.256217226386070251e-02
2.227294631302356720e-02
2.227472700178623199e-02
2.227821573615074158e-02
2.252731658518314362e-02
2.327409759163856506e-02
2.247576415538787842e-02
2.225241996347904205e-02
2.212460339069366455e-02
2.241036295890808105e-02
2.222019247710704803e-02
2.192705683410167694e-02
2.192454412579536438e-02
2.250441722571849823e-02
2.255145087838172913e-02
2.217400074005126953e-02
2.181381545960903168e-02
2.187492139637470245e-02
2.183387242257595062e-02
2.237280085682868958e-02
2.184324897825717926e-02
2.184981293976306915e-02
2.221618965268135071e-02
2.250675112009048462e-02
2.232430130243301392e-02
2.239842526614665985e-02
2.233844250440597534e-02
2.204671688377857208e-02
2.171300537884235382e-02
2.170333079993724823e-02
2.215901389718055725e-02
2.161915414035320282e-02
2.159661240875720978e-02
2.201794274151325226e-02
2.296947129070758820e-02
2.295721136033535004e-02
2.326643280684947968e-02
2.331285737454891205e-02
2.246823906898498535e-02
2.221073210239410400e-02
2.208911068737506866e-02
2.167405374348163605e-02
2.160305716097354889e-02
2.141064219176769257e-02
2.140371687710285187e-02
2.138981968164443970e-02
2.165699750185012817e-02
2.165073342621326447e-02
2.179303392767906189e-02
2.174765802919864655e-02
2.153462730348110199e-02
2.207582816481590271e-02
2.158175595104694366e-02
2.229313552379608154e-02
2.294723875820636749e-02
2.164855971932411194e-02
2.219787612557411194e-02
2.212210558354854584e-02
2.160250023007392883e-02
2.142396382987499237e-02
2.106191031634807587e-02
2.130696363747119904e-02
2.128482982516288757e-02
2.127354405820369720e-02
2.254071831703186035e-02
2.257859893143177032e-02
2.199699357151985168e-02
2.153883688151836395e-02
2.317199110984802246e-02
2.223590388894081116e-02
2.241735346615314484e-02
2.126175537705421448e-02
2.126984111964702606e-02
2.124804630875587463e-02
2.151512913405895233e-02
2.108197845518589020e-02
2.092184871435165405e-02
2.139691449701786041e-02
2.076111733913421631e-02
2.083827927708625793e-02
2.125016227364540100e-02
2.097794413566589355e-02
2.150220051407814026e-02
2.120329998433589935e-02
2.080668881535530090e-02
2.085381001234054565e-02
2.154466323554515839e-02
2.232688665390014648e-02
2.234932594001293182e-02
2.171120978891849518e-02
2.168855071067810059e-02
2.133007161319255829e-02
2.151594124734401703e-02
2.199187129735946655e-02
2.130755409598350525e-02
2.090822346508502960e-02
2.082846686244010925e-02
2.068298123776912689e-02
2.063632756471633911e-02
2.037031762301921844e-02
2.044554799795150757e-02
2.031814306974411011e-02
2.043483778834342957e-02
2.060555480420589447e-02
2.026472613215446472e-02
2.036373503506183624e-02
2.033355459570884705e-02
2.016229368746280670e-02
2.024624869227409363e-02
2.075015008449554443e-02
2.033710107207298279e-02
2.049433067440986633e-02
2.021019347012042999e-02
2.040181308984756470e-02
2.014542371034622192e-02
2.097070775926113129e-02
2.014277502894401550e-02
2.011401392519474030e-02
2.003199234604835510e-02
2.006574533879756927e-02
1.998271420598030090e-02
2.026544325053691864e-02
2.059035375714302063e-02
2.010204270482063293e-02
2.108244784176349640e-02
2.038380503654479980e-02
2.011621184647083282e-02
2.026329934597015381e-02
1.997536607086658478e-02
2.079212293028831482e-02
1.995213702321052551e-02
2.021202258765697479e-02
2.026303485035896301e-02
2.025608345866203308e-02
2.043373696506023407e-02
2.022294327616691589e-02
1.986953243613243103e-02
2.043963037431240082e-02
2.119306474924087524e-02
2.003809064626693726e-02
2.024562098085880280e-02
2.073242142796516418e-02
2.003416046500205994e-02
1.999956555664539337e-02
1.976568251848220825e-02
1.997520402073860168e-02
2.046245336532592773e-02
2.011480554938316345e-02
2.047932706773281097e-02
2.025834470987319946e-02
2.080586180090904236e-02
1.978203654289245605e-02
1.969874836504459381e-02
1.999895274639129639e-02
1.974070630967617035e-02
1.967677660286426544e-02
1.954669691622257233e-02
1.952565088868141174e-02
1.945978403091430664e-02
2.008223533630371094e-02
1.980994828045368195e-02
2.006362751126289368e-02
2.075511030852794647e-02
2.022316306829452515e-02
1.991815306246280670e-02
2.034216001629829407e-02
1.953922398388385773e-02
2.033529058098793030e-02
1.989977061748504639e-02
1.967452093958854675e-02
1.988022215664386749e-02
2.035317197442054749e-02
2.027736045420169830e-02
2.025654353201389313e-02
1.996548846364021301e-02
2.041910775005817413e-02
2.077446877956390381e-02
1.951132901012897491e-02
1.978785917162895203e-02
2.014088630676269531e-02
1.900416798889636993e-02
1.939605176448822021e-02
1.942391507327556610e-02
1.953789032995700836e-02
1.967077888548374176e-02
2.009255997836589813e-02
1.980283670127391815e-02
1.973803713917732239e-02
2.072287909686565399e-02
1.961011439561843872e-02
2.250768058001995087e-02
2.082980610430240631e-02
2.018348500132560730e-02
2.101871185004711151e-02
2.067991346120834351e-02
2.030942589044570923e-02
2.011083811521530151e-02
1.957763731479644775e-02
1.935316435992717743e-02
1.989228464663028717e-02
2.011934295296669006e-02
1.973399892449378967e-02
1.945560798048973083e-02
1.890752464532852173e-02
1.943589188158512115e-02
1.960484497249126434e-02
1.904207095503807068e-02
1.863368041813373566e-02
1.842659525573253632e-02
1.841436885297298431e-02
1.845442689955234528e-02
1.862615346908569336e-02
1.838760636746883392e-02
1.885747350752353668e-02
1.852673478424549103e-02
1.878254301846027374e-02
1.875474303960800171e-02
1.849153637886047363e-02
1.865934208035469055e-02
1.886720955371856689e-02
1.852379180490970612e-02
1.823442243039608002e-02
1.839712075889110565e-02
1.896516233682632446e-02
1.853552088141441345e-02
1.839686743915081024e-02
1.838316582143306732e-02
1.809926703572273254e-02
1.861988939344882965e-02
1.860424876213073730e-02
1.820085197687149048e-02
1.819099113345146179e-02
1.816344633698463440e-02
1.894289813935756683e-02
1.888683624565601349e-02
1.798331178724765778e-02
1.891984045505523682e-02
1.816488243639469147e-02
1.818454451858997345e-02
1.846296340227127075e-02
1.825381070375442505e-02
1.799348741769790649e-02
1.799313910305500031e-02
1.877035200595855713e-02
1.892970129847526550e-02
1.812303066253662109e-02
1.832960918545722961e-02
1.837037689983844757e-02
1.867151632905006409e-02
1.841094344854354858e-02
1.825935021042823792e-02
1.867209374904632568e-02
1.816520094871520996e-02
1.827530376613140106e-02
1.826178655028343201e-02
1.923592574894428253e-02
1.825783029198646545e-02
1.885323412716388702e-02
1.833905279636383057e-02
1.895191520452499390e-02
1.838957332074642181e-02
1.825605332851409912e-02
1.785838603973388672e-02
1.879003085196018219e-02
1.775490678846836090e-02
1.793774589896202087e-02
1.834821328520774841e-02
1.748189702630043030e-02
1.769958436489105225e-02
1.786939613521099091e-02
1.744431257247924805e-02
1.749145053327083588e-02
1.730613224208354950e-02
1.748925447463989258e-02
1.761937886476516724e-02
1.797154918313026428e-02
1.804670691490173340e-02
1.881160214543342590e-02
1.757245883345603943e-02
1.794368959963321686e-02
1.782398112118244171e-02
1.760778762400150299e-02
1.895246282219886780e-02
1.817575097084045410e-02
2.012906596064567566e-02
1.805377379059791565e-02
2.018100395798683167e-02
1.941251568496227264e-02
1.831742562353610992e-02
1.889137551188468933e-02
1.898264698684215546e-02
1.807528175413608551e-02
1.835238374769687653e-02
1.867628283798694611e-02
1.743368804454803467e-02
1.765221357345581055e-02
1.789415068924427032e-02
1.741586625576019287e-02
1.718366704881191254e-02
1.734551601111888885e-02
1.773541234433650970e-02
1.828671805560588837e-02
2.009470947086811066e-02
1.905676908791065216e-02
1.783509179949760437e-02
1.922283880412578583e-02
1.858550682663917542e-02
1.912582479417324066e-02
1.931764185428619385e-02
1.829930394887924194e-02
1.777871139347553253e-02
1.833086460828781128e-02
1.923497579991817474e-02
1.877936720848083496e-02
1.909146830439567566e-02
1.747251860797405243e-02
1.740051619708538055e-02
1.816263236105442047e-02
1.829653978347778320e-02
1.746685616672039032e-02
1.790332607924938202e-02
1.812714524567127228e-02
1.758390478789806366e-02
1.756929047405719757e-02
1.721937395632266998e-02
1.707834191620349884e-02
1.701158657670021057e-02
1.687088608741760254e-02
1.677965559065341949e-02
1.678860746324062347e-02
1.683118380606174469e-02
1.650572568178176880e-02
1.657284609973430634e-02
1.652673445641994476e-02
1.706009916961193085e-02
1.668879389762878418e-02
1.679903268814086914e-02
1.639447733759880066e-02
1.671177148818969727e-02
1.789478212594985962e-02
1.722498983144760132e-02
1.690664701163768768e-02
1.725206151604652405e-02
1.640066504478454590e-02
1.744068600237369537e-02
1.657650619745254517e-02
1.687160134315490723e-02
1.660409010946750641e-02
1.633047126233577728e-02
1.640384271740913391e-02
1.643294841051101685e-02
1.667788997292518616e-02
1.695763133466243744e-02
1.668261736631393433e-02
1.665063016116619110e-02
1.635765098035335541e-02
1.646012999117374420e-02
1.622219011187553406e-02
1.638672314584255219e-02
1.664236746728420258e-02
1.665906794369220734e-02
1.682286150753498077e-02
1.618941128253936768e-02
1.631891913712024689e-02
1.607920043170452118e-02
1.630428433418273926e-02
1.626544632017612457e-02
1.606745459139347076e-02
1.602252386510372162e-02
1.628631725907325745e-02
1.587446779012680054e-02
1.606291346251964569e-02
1.627709716558456421e-02
1.671665534377098083e-02
1.650253497064113617e-02
1.655746251344680786e-02
1.606803014874458313e-02
1.627009175717830658e-02
1.650161109864711761e-02
1.778092235326766968e-02
1.644834503531455994e-02
1.738939620554447174e-02
1.695939525961875916e-02
1.679464802145957947e-02
1.622999459505081177e-02
1.668984815478324890e-02
1.793529465794563293e-02
1.687658578157424927e-02
1.650653593242168427e-02
1.774858683347702026e-02
1.604385115206241608e-02
1.699282601475715637e-02
1.646990701556205750e-02
1.599859260022640228e-02
1.601899042725563049e-02
1.595989428460597992e-02
1.565008796751499176e-02
1.592253334820270538e-02
1.580257900059223175e-02
1.569736003875732422e-02
1.582875847816467285e-02
1.585639081895351410e-02
1.564153470098972321e-02
1.607405208051204681e-02
1.635606959462165833e-02
1.634465903043746948e-02
1.793869957327842712e-02
1.660058088600635529e-02
1.661867462098598480e-02
1.629477925598621368e-02
1.616281457245349884e-02
1.588634215295314789e-02
1.658211834728717804e-02
1.698894985020160675e-02
1.631770282983779907e-02
1.627353020012378693e-02
1.571946963667869568e-02
1.612916216254234314e-02
1.618174836039543152e-02
1.619820110499858856e-02
1.637500524520874023e-02
1.604288816452026367e-02
1.780057325959205627e-02
1.584808528423309326e-02
1.954447850584983826e-02
1.845771446824073792e-02
1.714379526674747467e-02
1.835399679839611053e-02
1.629251427948474884e-02
1.632293127477169037e-02
1.693688519299030304e-02
1.718400418758392334e-02
1.617897115647792816e-02
1.647334732115268707e-02
1.696233451366424561e-02
1.635161414742469788e-02
1.569858379662036896e-02
1.718353480100631714e-02
1.600124128162860870e-02
1.574513502418994904e-02
1.657211780548095703e-02
1.568483188748359680e-02
1.593269407749176025e-02
1.621072553098201752e-02
1.538823544979095459e-02
1.531187165528535843e-02
1.513974834233522415e-02
1.569042913615703583e-02
1.565895788371562958e-02
1.538416091352701187e-02
1.535272970795631409e-02
1.518018171191215515e-02
1.535226032137870789e-02
1.591522432863712311e-02
1.544560119509696960e-02
1.524123456329107285e-02
1.536990422755479813e-02
1.523600425571203232e-02
1.580890081822872162e-02
1.559445820748806000e-02
1.559992134571075439e-02
1.547093503177165985e-02
1.527713891118764877e-02
1.551586948335170746e-02
1.520046684890985489e-02
1.519092172384262085e-02
1.548211462795734406e-02
1.503473240882158279e-02
1.518913637846708298e-02
1.520381961017847061e-02
1.535358466207981110e-02
1.540370006114244461e-02
1.560366060584783554e-02
1.516703888773918152e-02
1.569361239671707153e-02
1.527601759880781174e-02
1.525264512747526169e-02
1.506047230213880539e-02
1.533593889325857162e-02
1.566475816071033478e-02
1.509201619774103165e-02
1.476445049047470093e-02
1.479940582066774368e-02
1.538766548037528992e-02
1.468457933515310287e-02
1.477630436420440674e-02
1.494126766920089722e-02
1.514917612075805664e-02
1.491115614771842957e-02
1.504879817366600037e-02
1.516680140048265457e-02
1.757102459669113159e-02
1.655225455760955811e-02
1.583177782595157623e-02
1.622711122035980225e-02
1.628829911351203918e-02
1.532475091516971588e-02
1.495719794183969498e-02
1.499819196760654449e-02
1.544708292931318283e-02
1.554347947239875793e-02
1.519625354558229446e-02
1.485770940780639648e-02
1.454714126884937286e-02
1.482677459716796875e-02
1.461030449718236923e-02
1.464304514229297638e-02
1.457797456532716751e-02
1.518951915204524994e-02
1.508673839271068573e-02
1.480805128812789917e-02
1.497216802090406418e-02
1.458359602838754654e-02
1.442050281912088394e-02
1.455025654286146164e-02
1.434607524424791336e-02
1.436587888747453690e-02
1.429927255958318710e-02
1.425023749470710754e-02
1.440555695444345474e-02
1.449061371386051178e-02
1.455953344702720642e-02
1.463230699300765991e-02
1.436765119433403015e-02
1.457562949508428574e-02
1.448129769414663315e-02
1.417622528970241547e-02
1.416912581771612167e-02
1.458168309181928635e-02
1.483440119773149490e-02
1.462741568684577942e-02
1.502020657062530518e-02
1.540604326874017715e-02
1.498216111212968826e-02
1.594749093055725098e-02
1.510696019977331161e-02
1.633420586585998535e-02
1.467776391655206680e-02
1.544658932834863663e-02
1.472762692719697952e-02
1.411051582545042038e-02
1.420709211379289627e-02
1.473392359912395477e-02
1.436156034469604492e-02
1.438033953309059143e-02
1.467978768050670624e-02
1.447177212685346603e-02
1.428318861871957779e-02
1.538737583905458450e-02
1.416062936186790466e-02
1.415948849171400070e-02
1.473264303058385849e-02
1.493418309837579727e-02
1.517897471785545349e-02
1.503020711243152618e-02
1.470508705824613571e-02
1.579523272812366486e-02
1.472832914441823959e-02
1.475598849356174469e-02
1.497436407953500748e-02
1.422720123082399368e-02
1.427268888801336288e-02
1.460227183997631073e-02
1.445688214153051376e-02
1.537507865577936172e-02
1.502688042819499969e-02
1.511271297931671143e-02
1.529910229146480560e-02
1.559041999280452728e-02
1.587234064936637878e-02
1.467922981828451157e-02
1.467427425086498260e-02
1.599793694913387299e-02
1.544860005378723145e-02
1.435361336916685104e-02
1.440129429101943970e-02
1.623344421386718750e-02
1.527990307658910751e-02
1.451275963336229324e-02
1.447846367955207825e-02
1.447724923491477966e-02
1.415277179330587387e-02
1.426042988896369934e-02
1.431441865861415863e-02
1.424157992005348206e-02
1.488519366830587387e-02
1.398448925465345383e-02
1.399781089276075363e-02
1.465924084186553955e-02
1.441274676471948624e-02
1.423955056816339493e-02
1.402326207607984543e-02
1.375806145370006561e-02
1.350405253469944000e-02
1.371451560407876968e-02
1.375019922852516174e-02
1.361624896526336670e-02
1.385333016514778137e-02
1.359145995229482651e-02
1.359096821397542953e-02
1.345863379538059235e-02
1.376783382147550583e-02
1.351634413003921509e-02
1.339304260909557343e-02
1.361914537847042084e-02
1.369665656238794327e-02
1.352608297020196915e-02
1.403263118118047714e-02
1.374107878655195236e-02
1.408876013010740280e-02
1.376846898347139359e-02
1.371158100664615631e-02
1.456094905734062195e-02
1.373813673853874207e-02
1.371663250029087067e-02
1.394365448504686356e-02
1.405932195484638214e-02
1.371601410210132599e-02
1.364449318498373032e-02
1.396781951189041138e-02
1.377358473837375641e-02
1.350343972444534302e-02
1.437629386782646179e-02
1.428186427801847458e-02
1.514747738838195801e-02
1.416847389191389084e-02
1.550084259361028671e-02
1.424612570554018021e-02
1.496976334601640701e-02
1.398054417222738266e-02
1.371011044830083847e-02
1.335499342530965805e-02
1.387182809412479401e-02
1.361261401325464249e-02
1.377673260867595673e-02
1.423546392470598221e-02
1.379576977342367172e-02
1.334093604236841202e-02
1.339288614690303802e-02
1.370101142674684525e-02
1.364228781312704086e-02
1.399719901382923126e-02
1.431022677570581436e-02
1.373865641653537750e-02
1.478558033704757690e-02
1.402116473764181137e-02
1.501528453081846237e-02
1.381824258714914322e-02
1.384032145142555237e-02
1.373871974647045135e-02
1.348760072141885757e-02
1.363681256771087646e-02
1.404126826673746109e-02
1.406511850655078888e-02
1.402563508599996567e-02
1.362113654613494873e-02
1.335314847528934479e-02
1.376402564346790314e-02
1.376918517053127289e-02
1.350030116736888885e-02
1.362272817641496658e-02
1.388233993202447891e-02
1.465541869401931763e-02
1.513889152556657791e-02
1.571023836731910706e-02
1.387030445039272308e-02
1.645136810839176178e-02
1.331934425979852676e-02
1.362880133092403412e-02
1.478435005992650986e-02
1.345304585993289948e-02
1.381057966500520706e-02
1.360719278454780579e-02
1.290476694703102112e-02
1.293428242206573486e-02
1.280828379094600677e-02
1.274868566542863846e-02
1.304163411259651184e-02
1.280803512781858444e-02
1.329670101404190063e-02
1.285710465162992477e-02
1.293717697262763977e-02
1.353276241570711136e-02
1.385548990219831467e-02
1.315575744956731796e-02
1.315813791006803513e-02
1.417474169284105301e-02
1.348639465868473053e-02
1.312544103711843491e-02
1.292339339852333069e-02
1.307630538940429688e-02
1.342183817178010941e-02
1.282885111868381500e-02
1.274110097438097000e-02
1.290465332567691803e-02
1.296635065227746964e-02
1.269912160933017731e-02
1.292245090007781982e-02
1.257345918565988541e-02
1.250558625906705856e-02
1.269435603171586990e-02
1.319075282663106918e-02
1.321146823465824127e-02
1.323516666889190674e-02
1.379283890128135681e-02
1.306958030909299850e-02
1.285895332694053650e-02
1.317100692540407181e-02
1.288952678442001343e-02
1.289058104157447815e-02
1.298521738499403000e-02
1.264906208962202072e-02
1.271364651620388031e-02
1.266747340559959412e-02
1.255267672240734100e-02
1.274792943149805069e-02
1.255713962018489838e-02
1.261120662093162537e-02
1.320862118154764175e-02
1.282500661909580231e-02
1.291247271001338959e-02
1.288298238068819046e-02
1.268282998353242874e-02
1.238680724054574966e-02
1.259814016520977020e-02
1.279734354466199875e-02
1.329879090189933777e-02
1.348336227238178253e-02
1.442080456763505936e-02
1.278981380164623260e-02
1.323608402162790298e-02
1.301634125411510468e-02
1.266865897923707962e-02
1.358301751315593719e-02
1.286231819540262222e-02
1.372961979359388351e-02
1.329623349010944366e-02
1.288997102528810501e-02
1.267965324223041534e-02
1.353050209581851959e-02
1.396888773888349533e-02
1.359397917985916138e-02
1.313166506588459015e-02
1.304783113300800323e-02
1.244968175888061523e-02
1.247873995453119278e-02
1.236428413540124893e-02
1.271750871092081070e-02
1.314660441130399704e-02
1.261216588318347931e-02
1.268347911536693573e-02
1.273408997803926468e-02
1.283039804548025131e-02
1.294849254190921783e-02
1.318220701068639755e-02
1.386361941695213318e-02
1.329989545047283173e-02
1.301936432719230652e-02
1.309548132121562958e-02
1.223814673721790314e-02
1.240800321102142334e-02
1.264524180442094803e-02
1.230408158153295517e-02
1.256193965673446655e-02
1.288554072380065918e-02
1.324889995157718658e-02
1.343255303800106049e-02
1.282131299376487732e-02
1.354951132088899612e-02
1.273472420871257782e-02
1.347849983721971512e-02
1.264184527099132538e-02
1.312064193189144135e-02
1.261644624173641205e-02
1.230520755052566528e-02
1.286099012941122055e-02
1.241294015198945999e-02
1.274556014686822891e-02
1.288247387856245041e-02
1.287599280476570129e-02
1.248726435005664825e-02
1.262575667351484299e-02
1.231123693287372589e-02
1.221885718405246735e-02
1.264177355915307999e-02
1.267185993492603302e-02
1.232109032571315765e-02
1.221822481602430344e-02
1.328627299517393112e-02
1.240846887230873108e-02
1.257860194891691208e-02
1.287304237484931946e-02
1.296610105782747269e-02
1.233754586428403854e-02
1.259057316929101944e-02
1.232968829572200775e-02
1.230205502361059189e-02
1.228380482643842697e-02
1.209830120205879211e-02
1.193743944168090820e-02
1.184192672371864319e-02
1.171248313039541245e-02
1.192659419029951096e-02
1.194243412464857101e-02
1.239458099007606506e-02
1.244081370532512665e-02
1.228711660951375961e-02
1.266186311841011047e-02
1.535151060670614243e-02
1.474589202553033829e-02
1.387006882578134537e-02
1.433707959949970245e-02
1.501821260899305344e-02
1.273216400295495987e-02
1.270355936139822006e-02
1.275949366390705109e-02
1.309478748589754105e-02
1.318988949060440063e-02
1.246869377791881561e-02
1.247288286685943604e-02
1.236210111528635025e-02
1.248618308454751968e-02
1.210440136492252350e-02
1.208634674549102783e-02
1.213858742266893387e-02
1.191238220781087875e-02
1.175198424607515335e-02
1.177180185914039612e-02
1.167563069611787796e-02
1.176447141915559769e-02
1.173395942896604538e-02
1.185889076441526413e-02
1.299172267317771912e-02
1.241109333932399750e-02
1.266266964375972748e-02
1.261669583618640900e-02
1.255954336374998093e-02
1.248423196375370026e-02
1.226849388331174850e-02
1.223115622997283936e-02
1.198398973792791367e-02
1.186214759945869446e-02
1.190034579485654831e-02
1.208245102316141129e-02
1.208414044231176376e-02
1.220276858657598495e-02
1.225206907838582993e-02
1.232453715056180954e-02
1.261730305850505829e-02
1.227661408483982086e-02
1.239184755831956863e-02
1.228963304311037064e-02
1.244892086833715439e-02
1.212242711335420609e-02
1.205516420304775238e-02
1.254147663712501526e-02
1.222146954387426376e-02
1.154541037976741791e-02
1.141688320785760880e-02
1.174391061067581177e-02
1.163934171199798584e-02
1.137480419129133224e-02
1.161819975823163986e-02
1.155625376850366592e-02
1.130167767405509949e-02
1.209323201328516006e-02
1.295228116214275360e-02
1.252656430006027222e-02
1.307591050863265991e-02
1.193205174058675766e-02
1.203936710953712463e-02
1.179831940680742264e-02
1.218006946146488190e-02
1.239966228604316711e-02
1.155786775052547455e-02
1.150080841034650803e-02
1.159238535910844803e-02
1.210034266114234924e-02
1.167288795113563538e-02
1.147397141903638840e-02
1.198608148843050003e-02
1.145426183938980103e-02
1.118789147585630417e-02
1.136731542646884918e-02
1.129766833037137985e-02
1.123133022338151932e-02
1.173586305230855942e-02
1.129182148724794388e-02
1.244580093771219254e-02
1.138432696461677551e-02
1.139565370976924896e-02
1.132014300674200058e-02
1.117300055921077728e-02
1.103929243981838226e-02
1.137461420148611069e-02
1.119834464043378830e-02
1.138810347765684128e-02
1.115238480269908905e-02
1.131214015185832977e-02
1.117625273764133453e-02
1.100507192313671112e-02
1.213740743696689606e-02
1.142665278166532516e-02
1.217654813081026077e-02
1.152582466602325439e-02
1.346192788332700729e-02
1.200640108436346054e-02
1.352056674659252167e-02
1.242114789783954620e-02
1.214754488319158554e-02
1.248880568891763687e-02
1.205721683800220490e-02
1.216853130608797073e-02
1.166472304612398148e-02
1.153238303959369659e-02
1.197448186576366425e-02
1.156605873256921768e-02
1.178895309567451477e-02
1.149432361125946045e-02
1.136972196400165558e-02
1.117031648755073547e-02
1.118708681315183640e-02
1.091419719159603119e-02
1.171667221933603287e-02
1.148870866745710373e-02
1.153533905744552612e-02
1.196449436247348785e-02
1.131031755357980728e-02
1.211339700967073441e-02
1.158925052732229233e-02
1.146439835429191589e-02
1.147378887981176376e-02
1.111329998821020126e-02
1.208057254552841187e-02
1.197042316198348999e-02
1.147188991308212280e-02
1.152382977306842804e-02
1.099057309329509735e-02
1.103252265602350235e-02
1.093269139528274536e-02
1.084061898291110992e-02
1.091205328702926636e-02
1.153279468417167664e-02
1.108269114047288895e-02
1.148539967834949493e-02
1.130613498389720917e-02
1.213520858436822891e-02
1.258228532969951630e-02
1.166088879108428955e-02
1.341029070317745209e-02
1.297229528427124023e-02
1.148202456533908844e-02
1.290451548993587494e-02
1.210065465420484543e-02
1.171261351555585861e-02
1.222283672541379929e-02
1.209526788443326950e-02
1.152803935110569000e-02
1.131869480013847351e-02
1.172409299761056900e-02
1.133148744702339172e-02
1.121513638645410538e-02
1.117062941193580627e-02
1.145964488387107849e-02
1.130564417690038681e-02
1.108078006654977798e-02
1.137102115899324417e-02
1.092557888478040695e-02
1.094967592507600784e-02
1.102556195110082626e-02
1.076999120414257050e-02
1.081458386033773422e-02
1.067887060344219208e-02
1.074892468750476837e-02
1.098266616463661194e-02
1.075486559420824051e-02
1.055186986923217773e-02
1.079296506941318512e-02
1.104236487299203873e-02
1.118982862681150436e-02
1.085755322128534317e-02
1.114538870751857758e-02
1.082694344222545624e-02
1.080035325139760971e-02
1.197278965264558792e-02
1.206371281296014786e-02
1.167847495526075363e-02
1.120142359286546707e-02
1.139095611870288849e-02
1.033404096961021423e-02
1.060692686587572098e-02
1.037733815610408783e-02
1.053850352764129639e-02
1.044161617755889893e-02
1.081972569227218628e-02
1.052618771791458130e-02
1.044330000877380371e-02
1.066313032060861588e-02
1.050445716828107834e-02
1.026721205562353134e-02
1.036128494888544083e-02
1.035298593342304230e-02
1.079616788774728775e-02
1.050954032689332962e-02
1.033790316432714462e-02
1.075919531285762787e-02
1.114754658192396164e-02
1.093280222266912460e-02
1.089495792984962463e-02
1.075611915439367294e-02
1.077644899487495422e-02
1.074323616921901703e-02
1.074803993105888367e-02
1.088216528296470642e-02
1.047298405319452286e-02
1.090941112488508224e-02
1.082557532936334610e-02
1.083960290998220444e-02
1.069356594234704971e-02
1.092145219445228577e-02
1.047764625400304794e-02
1.119521912187337875e-02
1.100346539169549942e-02
1.062831748276948929e-02
1.071638800203800201e-02
1.099784672260284424e-02
1.061073038727045059e-02
1.076595764607191086e-02
1.079411525279283524e-02
1.064361538738012314e-02
1.097906567156314850e-02
1.111015584319829941e-02
1.066616829484701157e-02
1.071547437459230423e-02
1.063650567084550858e-02
1.039495505392551422e-02
1.050007995218038559e-02
1.115320995450019836e-02
1.098122354596853256e-02
1.045338250696659088e-02
1.083538029342889786e-02
1.002522930502891541e-02
1.093630492687225342e-02
1.059745624661445618e-02
1.050632912665605545e-02
1.051616668701171875e-02
1.052167452871799469e-02
1.071286667138338089e-02
1.031430903822183609e-02
1.064945664256811142e-02
1.041116286069154739e-02
1.131133455783128738e-02
1.020862348377704620e-02
1.060174033045768738e-02
1.016499847173690796e-02
1.005605794489383698e-02
1.003635581582784653e-02
1.024665590375661850e-02
1.062204502522945404e-02
1.062433514744043350e-02
1.191467698663473129e-02
1.151122525334358215e-02
1.042534690350294113e-02
1.068218611180782318e-02
1.031688414514064789e-02
1.118860673159360886e-02
1.048334222286939621e-02
1.164923142641782761e-02
1.162273716181516647e-02
1.094702444970607758e-02
1.047320663928985596e-02
1.084382273256778717e-02
1.037660054862499237e-02
1.124747656285762787e-02
1.073560304939746857e-02
1.100776996463537216e-02
1.064050104469060898e-02
1.269609760493040085e-02
1.121984049677848816e-02
1.212842017412185669e-02
1.117179822176694870e-02
1.153984107077121735e-02
1.114122755825519562e-02
1.096630096435546875e-02
1.041699387133121490e-02
1.054891571402549744e-02
1.032832544296979904e-02
1.004580501466989517e-02
1.013182196766138077e-02
1.010308228433132172e-02
1.040941849350929260e-02
1.012270897626876831e-02
1.041832752525806427e-02
1.061463821679353714e-02
1.015288848429918289e-02
1.020652335137128830e-02
1.019476540386676788e-02
1.011720020323991776e-02
9.938548319041728973e-03
1.048983354121446609e-02
1.028572395443916321e-02
1.084151491522789001e-02
1.030290033668279648e-02
1.151276193559169769e-02
1.035631448030471802e-02
1.039117388427257538e-02
1.004007365554571152e-02
1.064790226519107819e-02
1.008408423513174057e-02
1.048917323350906372e-02
1.048936042934656143e-02
1.014343649148941040e-02
1.025549229234457016e-02
1.008468493819236755e-02
1.014168560504913330e-02
9.839067235589027405e-03
1.027428079396486282e-02
1.006669830530881882e-02
1.051382441073656082e-02
9.750558063387870789e-03
9.745752438902854919e-03
9.931880049407482147e-03
9.916188195347785950e-03
1.011354755610227585e-02
1.032989751547574997e-02
1.116165611892938614e-02
9.822065941989421844e-03
1.066903583705425262e-02
9.640685282647609711e-03
9.907701052725315094e-03
9.890177287161350250e-03
9.941985830664634705e-03
9.900584816932678223e-03
1.000645942986011505e-02
9.951344691216945648e-03
1.006046868860721588e-02
9.915365837514400482e-03
1.035410072654485703e-02
9.945764206349849701e-03
1.050844322890043259e-02
9.881946258246898651e-03
1.089855376631021500e-02
1.104471925646066666e-02
1.022699382156133652e-02
1.077498961240053177e-02
1.013897079974412918e-02
9.864808060228824615e-03
1.022633817046880722e-02
1.003132387995719910e-02
9.989481419324874878e-03
1.115370076149702072e-02
1.014303695410490036e-02
9.913339279592037201e-03
1.035380363464355469e-02
1.031338982284069061e-02
1.067710574716329575e-02
9.983397088944911957e-03
9.910549037158489227e-03
1.031120587140321732e-02
1.159275695681571960e-02
1.011259481310844421e-02
1.102131418883800507e-02
9.865546599030494690e-03
9.887747466564178467e-03
9.873246774077415466e-03
9.823598898947238922e-03
9.835088625550270081e-03
9.860246442258358002e-03
1.008743606507778168e-02
1.039121858775615692e-02
1.023375801742076874e-02
1.038722880184650421e-02
1.005027722567319870e-02
1.004257518798112869e-02
1.034119911491870880e-02
9.983911179006099701e-03
1.014724466949701309e-02
9.739254601299762726e-03
1.002862956374883652e-02
9.679270908236503601e-03
1.045423373579978943e-02
9.915812872350215912e-03
1.014944259077310562e-02
9.917571209371089935e-03
9.860943071544170380e-03
9.405602701008319855e-03
9.442893788218498230e-03
9.489760734140872955e-03
9.522240608930587769e-03
9.967470541596412659e-03
9.565998800098896027e-03
9.380052797496318817e-03
9.392929263412952423e-03
9.471233934164047241e-03
9.694501757621765137e-03
9.547539055347442627e-03
9.467807598412036896e-03
9.498630650341510773e-03
9.308516979217529297e-03
9.490272030234336853e-03
9.638994932174682617e-03
9.760683402419090271e-03
1.034622825682163239e-02
9.578047320246696472e-03
1.063118409365415573e-02
9.732516482472419739e-03
1.125142350792884827e-02
9.925632737576961517e-03
1.276900991797447205e-02
1.002290751785039902e-02
1.213053427636623383e-02
1.040958985686302185e-02
1.097194571048021317e-02
9.924034588038921356e-03
1.011319458484649658e-02
9.595941752195358276e-03
9.597077034413814545e-03
9.783829562366008759e-03
9.445688687264919281e-03
9.659184142947196960e-03
9.575540199875831604e-03
9.792092256247997284e-03
9.584826417267322540e-03
9.765095077455043793e-03
9.365593083202838898e-03
9.382866322994232178e-03
9.413711726665496826e-03
9.305099956691265106e-03
9.463730268180370331e-03
9.205329231917858124e-03
9.410263039171695709e-03
9.555504657328128815e-03
9.263377636671066284e-03
9.484837763011455536e-03
9.702668525278568268e-03
9.435785934329032898e-03
9.710662998259067535e-03
1.015983894467353821e-02
9.627738967537879944e-03
1.071256678551435471e-02
1.006329432129859924e-02
9.815278463065624237e-03
9.858594276010990143e-03
9.300905279815196991e-03
1.080400776118040085e-02
9.464230388402938843e-03
9.659732691943645477e-03
1.000841148197650909e-02
9.268853813409805298e-03
1.011642161756753922e-02
9.731065481901168823e-03
9.898711927235126495e-03
1.017842534929513931e-02
9.557154960930347443e-03
9.862570092082023621e-03
9.583365172147750854e-03
9.596842341125011444e-03
9.740470908582210541e-03
9.666695259511470795e-03
9.624112397432327271e-03
9.645848535001277924e-03
9.582567028701305389e-03
9.840512648224830627e-03
9.811470285058021545e-03
1.069873105734586716e-02
1.003082469105720520e-02
9.467886760830879211e-03
1.023476384580135345e-02
9.819777682423591614e-03
1.018247846513986588e-02
9.619266726076602936e-03
1.024937350302934647e-02
9.596001356840133667e-03
1.082259137183427811e-02
1.054168585687875748e-02
9.824545122683048248e-03
1.106297317892313004e-02
9.495865553617477417e-03
9.429284371435642242e-03
9.540716186165809631e-03
9.304957464337348938e-03
9.819013066589832306e-03
9.626354090869426727e-03
9.688700549304485321e-03
9.560409933328628540e-03
9.646747261285781860e-03
9.187958203256130219e-03
9.276151657104492188e-03
9.262790903449058533e-03
9.282325394451618195e-03
9.529232047498226166e-03
9.048036299645900726e-03
9.300527162849903107e-03
9.365129284560680389e-03
9.407934732735157013e-03
9.704322554171085358e-03
9.299363940954208374e-03
9.294611401855945587e-03
9.160209447145462036e-03
9.002303704619407654e-03
9.675452485680580139e-03
9.102314710617065430e-03
9.654815308749675751e-03
9.163338690996170044e-03
9.641184471547603607e-03
9.162506088614463806e-03
9.257636964321136475e-03
9.223154745995998383e-03
9.264548309147357941e-03
9.150595404207706451e-03
9.103092364966869354e-03
9.347899816930294037e-03
9.399735368788242340e-03
9.289974346756935120e-03
9.451975114643573761e-03
8.973631076514720917e-03
9.329752996563911438e-03
9.457699023187160492e-03
9.118115529417991638e-03
9.591558016836643219e-03
9.049915708601474762e-03
1.037221215665340424e-02
9.464171715080738068e-03
9.843079373240470886e-03
1.056165248155593872e-02
1.057402044534683228e-02
1.207401789724826813e-02
9.840126149356365204e-03
9.387743659317493439e-03
9.514609351754188538e-03
8.917010389268398285e-03
9.349198080599308014e-03
9.137510322034358978e-03
9.045820683240890503e-03
9.737485088407993317e-03
9.392739273607730865e-03
9.363321587443351746e-03
9.244104847311973572e-03
8.877377957105636597e-03
9.028342552483081818e-03
8.932633325457572937e-03
9.013846516609191895e-03
8.956997655332088470e-03
8.947799913585186005e-03
8.848175406455993652e-03
8.939882740378379822e-03
8.807056583464145660e-03
8.759362623095512390e-03
8.929760195314884186e-03
8.846154436469078064e-03
9.913624264299869537e-03
9.882488287985324860e-03
1.003595534712076187e-02
1.119208987802267075e-02
9.770465083420276642e-03
1.088367030024528503e-02
9.784071706235408783e-03
1.124011166393756866e-02
1.032816711813211441e-02
1.082579325884580612e-02
1.143635343760251999e-02
9.588034823536872864e-03
1.110692881047725677e-02
1.023609749972820282e-02
1.123093534260988235e-02
1.206232793629169464e-02
1.159310992807149887e-02
1.152036897838115692e-02
1.218304224312305450e-02
1.251395884901285172e-02
1.128922775387763977e-02
1.109429914504289627e-02
1.123775169253349304e-02
1.083636190742254257e-02
1.169977057725191116e-02
1.009854674339294434e-02
1.106428727507591248e-02
1.033868640661239624e-02
9.923502802848815918e-03
1.020912174135446548e-02
9.565133601427078247e-03
1.045591197907924652e-02
1.011474803090095520e-02
9.473644196987152100e-03
9.629179723560810089e-03
9.618696756660938263e-03
9.603002108633518219e-03
1.036090590059757233e-02
1.036396715790033340e-02
9.497746825218200684e-03
9.463309310376644135e-03
9.324574843049049377e-03
9.189384058117866516e-03
9.137321263551712036e-03
9.346981532871723175e-03
9.247605688869953156e-03
9.168415330350399017e-03
9.356136433780193329e-03
9.142149239778518677e-03
1.007709559053182602e-02
9.906377643346786499e-03
1.016622129827737808e-02
1.085911691188812256e-02
1.077268738299608231e-02
1.064613647758960724e-02
1.124769542366266251e-02
1.005062926560640335e-02
1.019090786576271057e-02
9.921506047248840332e-03
9.333512745797634125e-03
9.362656623125076294e-03
9.064957499504089355e-03
9.396218694746494293e-03
9.451071731746196747e-03
9.100239723920822144e-03
9.163292124867439270e-03
8.714614436030387878e-03
8.926483802497386932e-03
8.830920793116092682e-03
9.010555222630500793e-03
8.824040181934833527e-03
9.373608976602554321e-03
9.300251491367816925e-03
9.011787362396717072e-03
9.221404790878295898e-03
9.178386069834232330e-03
8.808908984065055847e-03
8.755974471569061279e-03
8.839793503284454346e-03
8.743913844227790833e-03
8.732219226658344269e-03
8.684290573000907898e-03
8.603712543845176697e-03
8.627028204500675201e-03
8.571883663535118103e-03
8.508878760039806366e-03
8.511049672961235046e-03
8.567471988499164581e-03
8.683652617037296295e-03
8.537518791854381561e-03
8.756395429372787476e-03
8.736665360629558563e-03
8.637744002044200897e-03
9.050408378243446350e-03
8.606556802988052368e-03
8.956986479461193085e-03
8.602470159530639648e-03
8.567666634917259216e-03
8.736368268728256226e-03
8.897582069039344788e-03
8.528122678399085999e-03
8.798049762845039368e-03
8.478655479848384857e-03
8.421588689088821411e-03
8.334307931363582611e-03
8.396456018090248108e-03
8.430989459156990051e-03
8.389888331294059753e-03
8.452332578599452972e-03
8.654798381030559540e-03
8.598386310040950775e-03
8.717071264982223511e-03
8.384678512811660767e-03
8.553103543817996979e-03
8.451418019831180573e-03
8.449950255453586578e-03
8.935684338212013245e-03
8.527002297341823578e-03
8.531108498573303223e-03
8.409868925809860229e-03
8.407560177147388458e-03
8.394671604037284851e-03
8.528096601366996765e-03
8.664763532578945160e-03
8.772275410592556000e-03
8.543084375560283661e-03
8.541616611182689667e-03
8.562387898564338684e-03
8.710026741027832031e-03
8.910289034247398376e-03
9.459210559725761414e-03
8.711296133697032928e-03
9.133977815508842468e-03
9.149923920631408691e-03
9.070671163499355316e-03
9.126689285039901733e-03
8.780518546700477600e-03
8.693917654454708099e-03
8.953965269029140472e-03
9.418533183634281158e-03
8.973951451480388641e-03
9.535645134747028351e-03
9.082032367587089539e-03
8.997298777103424072e-03
8.885789662599563599e-03
9.669751860201358795e-03
8.969449438154697418e-03
9.038347750902175903e-03
8.603030815720558167e-03
8.748752065002918243e-03
8.973943069577217102e-03
8.790560066699981689e-03
8.905000984668731689e-03
8.910140022635459900e-03
8.728850632905960083e-03
9.150464087724685669e-03
8.804905228316783905e-03
8.779367431998252869e-03
8.532806299626827240e-03
8.418629877269268036e-03
8.652073331177234650e-03
8.521826937794685364e-03
8.528215810656547546e-03
8.447736501693725586e-03
9.162026457488536835e-03
8.701734244823455811e-03
8.541679009795188904e-03
8.482644334435462952e-03
8.603150025010108948e-03
8.773753419518470764e-03
8.490895852446556091e-03
8.462856523692607880e-03
8.573373779654502869e-03
8.519201539456844330e-03
8.691900409758090973e-03
8.575410582125186920e-03
8.943393826484680176e-03
9.189727716147899628e-03
8.718437515199184418e-03
9.380091913044452667e-03
8.542691357433795929e-03
8.719801902770996094e-03
8.889759890735149384e-03
8.475679904222488403e-03
8.556080982089042664e-03
8.143672719597816467e-03
8.273145183920860291e-03
8.353822864592075348e-03
8.434798568487167358e-03
8.594701997935771942e-03
8.233824744820594788e-03
8.460105396807193756e-03
8.284334093332290649e-03
8.489727973937988281e-03
8.785018697381019592e-03
8.165950886905193329e-03
8.199668489396572113e-03
8.260658010840415955e-03
8.140783756971359253e-03
8.153494447469711304e-03
8.203994482755661011e-03
8.435478433966636658e-03
8.473884314298629761e-03
8.247687481343746185e-03
8.202987723052501678e-03
8.407893590629100800e-03
8.322798646986484528e-03
8.201683871448040009e-03
8.259190246462821960e-03
8.250062353909015656e-03
8.222484961152076721e-03
8.443629369139671326e-03
8.277339860796928406e-03
8.454385213553905487e-03
8.600403554737567902e-03
8.543291129171848297e-03
8.744908496737480164e-03
8.371950127184391022e-03
8.663838729262351990e-03
8.736599236726760864e-03
8.390283212065696716e-03
8.578826673328876495e-03
8.729775436222553253e-03
8.671855553984642029e-03
9.058196097612380981e-03
8.854662068188190460e-03
9.416527114808559418e-03
9.510066360235214233e-03
9.019400924444198608e-03
9.457305073738098145e-03
8.707593195140361786e-03
1.020987145602703094e-02
8.986625820398330688e-03
9.153878316283226013e-03
8.903791196644306183e-03
9.022225625813007355e-03
8.773944340646266937e-03
8.791694417595863342e-03
9.973177686333656311e-03
8.914056234061717987e-03
9.034553542733192444e-03
9.136862121522426605e-03
8.817218244075775146e-03
9.306741878390312195e-03
8.657273836433887482e-03
9.371993131935596466e-03
8.641601540148258209e-03
9.395523928105831146e-03
8.831270970404148102e-03
8.569754660129547119e-03
8.881608024239540100e-03
8.706058375537395477e-03
8.611236698925495148e-03
8.792128413915634155e-03
8.352538570761680603e-03
8.688217028975486755e-03
8.486052975058555603e-03
8.679555729031562805e-03
8.727356791496276855e-03
8.552903309464454651e-03
8.453624323010444641e-03
8.858916349709033966e-03
8.860480040311813354e-03
8.730980567634105682e-03
8.650587871670722961e-03
8.517845533788204193e-03
8.254057727754116058e-03
8.965098299086093903e-03
8.374170400202274323e-03
8.631264790892601013e-03
8.255591616034507751e-03
8.151111193001270294e-03
8.230771869421005249e-03
8.313014172017574310e-03
8.379406295716762543e-03
8.143729530274868011e-03
8.407925255596637726e-03
8.146991021931171417e-03
8.502828888595104218e-03
8.265822194516658783e-03
8.413574658334255219e-03
8.634474128484725952e-03
8.371399715542793274e-03
8.553543128073215485e-03
8.237874135375022888e-03
8.421189151704311371e-03
7.983884774148464203e-03
8.042106404900550842e-03
8.114282973110675812e-03
8.273278363049030304e-03
8.492678403854370117e-03
8.455021306872367859e-03
8.436643518507480621e-03
8.475800976157188416e-03
8.770610205829143524e-03
8.399045094847679138e-03
8.748034015297889709e-03
9.088938124477863312e-03
8.632365614175796509e-03
8.401175960898399353e-03
8.412557654082775116e-03
8.608839474618434906e-03
8.387631736695766449e-03
8.709860965609550476e-03
9.555825032293796539e-03
8.891961537301540375e-03
8.753547444939613342e-03
9.121974930167198181e-03
9.111659601330757141e-03
9.485728107392787933e-03
8.382124826312065125e-03
8.765296079218387604e-03
8.284159936010837555e-03
8.566576056182384491e-03
8.292688988149166107e-03
8.589945733547210693e-03
8.350269868969917297e-03
8.342808112502098083e-03
8.369417861104011536e-03
8.149425499141216278e-03
8.145607076585292816e-03
8.217231370508670807e-03
8.169644512236118317e-03
8.287426084280014038e-03
8.068325929343700409e-03
8.156044408679008484e-03
7.924720644950866699e-03
8.419113233685493469e-03
8.625270798802375793e-03
8.583039976656436920e-03
9.313547983765602112e-03
8.612805046141147614e-03
8.485537022352218628e-03
8.038733154535293579e-03
8.326016366481781006e-03
7.947307080030441284e-03
8.044691756367683411e-03
8.626393973827362061e-03
8.383320644497871399e-03
8.706355467438697815e-03
9.221697226166725159e-03
9.197818115353584290e-03
9.603256359696388245e-03
8.659766055643558502e-03
9.907484054565429688e-03
9.454814717173576355e-03
9.465802460908889771e-03
8.732771500945091248e-03
8.379035629332065582e-03
8.748512715101242065e-03
8.505026809871196747e-03
8.322826586663722992e-03
8.358065970242023468e-03
8.143858984112739563e-03
8.224415592849254608e-03
8.235264569520950317e-03
8.201115764677524567e-03
8.479072712361812592e-03
8.745874278247356415e-03
8.631668053567409515e-03
8.275172673165798187e-03
8.248733356595039368e-03
8.373100310564041138e-03
8.079824969172477722e-03
8.274779655039310455e-03
8.109396323561668396e-03
8.298505097627639771e-03
8.364227600395679474e-03
8.112490177154541016e-03
8.518533781170845032e-03
8.262107148766517639e-03
8.857461623847484589e-03
8.409100584685802460e-03
8.359557949006557465e-03
8.063629269599914551e-03
8.168087340891361237e-03
8.046955801546573639e-03
7.883349433541297913e-03
7.953729480504989624e-03
8.199565112590789795e-03
8.171825669705867767e-03
8.066160604357719421e-03
8.237489499151706696e-03
8.053616620600223541e-03
8.431200869381427765e-03
8.632060140371322632e-03
8.466602303087711334e-03
8.255987428128719330e-03
7.979960180819034576e-03
8.073799312114715576e-03
7.858275435864925385e-03
8.074535056948661804e-03
7.987081073224544525e-03
8.047663606703281403e-03
8.114141412079334259e-03
8.004448376595973969e-03
7.987077347934246063e-03
8.107807487249374390e-03
7.861070334911346436e-03
7.900993339717388153e-03
7.928974926471710205e-03
8.040321990847587585e-03
7.914952933788299561e-03
7.984466850757598877e-03
7.839653640985488892e-03
7.868633605539798737e-03
7.961072027683258057e-03
7.826945744454860687e-03
8.297455497086048126e-03
8.251393213868141174e-03
8.067782036960124969e-03
8.359824307262897491e-03
8.217364549636840820e-03
8.496901951730251312e-03
8.663731627166271210e-03
8.526151068508625031e-03
8.234788663685321808e-03
8.513226173818111420e-03
8.564952760934829712e-03
8.860052563250064850e-03
8.351563476026058197e-03
8.900537155568599701e-03
8.914487436413764954e-03
8.879549801349639893e-03
9.092062711715698242e-03
8.538694120943546295e-03
9.034647606313228607e-03
8.567490614950656891e-03
9.099369868636131287e-03
9.171337820589542389e-03
8.846047334372997284e-03
9.164771065115928650e-03
8.417874574661254883e-03
8.786548860371112823e-03
8.681423030793666840e-03
8.502474986016750336e-03
8.030951023101806641e-03
7.958494126796722412e-03
8.026106283068656921e-03
7.951933890581130981e-03
8.102114312350749969e-03
8.039684034883975983e-03
8.113541640341281891e-03
8.008536882698535919e-03
8.099899627268314362e-03
8.163638412952423096e-03
7.778457831591367722e-03
7.730289828032255173e-03
7.780256215482950211e-03
7.882837206125259399e-03
7.719033863395452499e-03
7.960180751979351044e-03
8.356539532542228699e-03
8.245512843132019043e-03
8.687464520335197449e-03
8.563484996557235718e-03
8.242942392826080322e-03
8.108214475214481354e-03
8.311925455927848816e-03
8.038236759603023529e-03
7.912802509963512421e-03
7.918057031929492950e-03
8.182660676538944244e-03
7.870199158787727356e-03
7.954190485179424286e-03
8.042738772928714752e-03
8.030014112591743469e-03
8.010008372366428375e-03
8.137363009154796600e-03
8.208122104406356812e-03
7.945615798234939575e-03
8.374550379812717438e-03
8.133504539728164673e-03
8.078557439148426056e-03
8.636304177343845367e-03
8.529948070645332336e-03
7.931210100650787354e-03
8.778305724263191223e-03
8.350141346454620361e-03
8.418567478656768799e-03
7.801278028637170792e-03
8.077635429799556732e-03
8.178055286407470703e-03
8.136328309774398804e-03
7.932730019092559814e-03
8.052020333707332611e-03
7.581447716802358627e-03
7.538044825196266174e-03
7.705230731517076492e-03
7.612194865942001343e-03
7.678901311010122299e-03
7.724140770733356476e-03
7.655321620404720306e-03
7.805775385349988937e-03
7.589226588606834412e-03
7.948318496346473694e-03
7.805367000401020050e-03
8.984982036054134369e-03
8.318930864334106445e-03
8.499822579324245453e-03
8.102350868284702301e-03
8.036206476390361786e-03
8.234358392655849457e-03
8.663063868880271912e-03
8.106405846774578094e-03
8.758463896811008453e-03
7.959362119436264038e-03
8.737208321690559387e-03
7.967912591993808746e-03
8.768117986619472504e-03
7.946129888296127319e-03
8.898918516933917999e-03
8.075843565165996552e-03
8.260307833552360535e-03
8.166656829416751862e-03
8.022392168641090393e-03
8.264179341495037079e-03
8.510541170835494995e-03
8.601595647633075714e-03
7.940466515719890594e-03
8.404525928199291229e-03
8.024647831916809082e-03
8.044898509979248047e-03
8.582011796534061432e-03
7.996236905455589294e-03
9.040845558047294617e-03
8.141556754708290100e-03
8.903834037482738495e-03
8.377644233405590057e-03
8.754815906286239624e-03
9.498752653598785400e-03
8.288589306175708771e-03
8.623423054814338684e-03
9.080846793949604034e-03
8.832980878651142120e-03
9.367224760353565216e-03
8.660919032990932465e-03
8.825732395052909851e-03
9.427969343960285187e-03
8.477861061692237854e-03
8.532216772437095642e-03
9.016901254653930664e-03
7.988921366631984711e-03
8.260132744908332825e-03
8.250448852777481079e-03
8.140564896166324615e-03
8.516415953636169434e-03
7.921634241938591003e-03
7.850322872400283813e-03
7.862985134124755859e-03
8.030164055526256561e-03
7.916647940874099731e-03
7.712291087955236435e-03
7.933831773698329926e-03
8.105555549263954163e-03
8.261376060545444489e-03
8.423797786235809326e-03
8.541602641344070435e-03
8.079371415078639984e-03
8.190797641873359680e-03
8.180714212357997894e-03
7.888078689575195312e-03
8.484244346618652344e-03
8.141154423356056213e-03
8.242795243859291077e-03
9.232707321643829346e-03
9.255250915884971619e-03
8.742542006075382233e-03
9.319578297436237335e-03
9.142836555838584900e-03
8.065234869718551636e-03
8.417976088821887970e-03
8.388373069465160370e-03
7.713804021477699280e-03
8.370310999453067780e-03
8.239267393946647644e-03
7.675116881728172302e-03
8.383067324757575989e-03
8.312946185469627380e-03
7.921979762613773346e-03
7.999435067176818848e-03
8.544126525521278381e-03
8.049655705690383911e-03
7.986288517713546753e-03
8.194332942366600037e-03
8.009117096662521362e-03
7.963747717440128326e-03
