2.511791923684099093e-01 2.370492713643815863e-01 9.481718236061896787e-01 7.588501029265417586e+00 1.119638590741059581e+01 9.482277039454023893e+00 4.000000000000000000e+00 2.645522320891870449e-01 4.077660575803056520e-01 2.725664730647276435e-01 2.537591029240082174e-01 2.952396612801536646e-01 3.518596096423192710e-01 4.901124937650036539e-01 5.156300524191194112e-01
5.608496039989103732e-01 9.112044794453869612e-01 5.345922318835610865e-01 1.067990644254252608e+01 1.587849541661150887e+01 1.331042680378644505e+01 4.000000000000000000e+00 5.220014233478235122e-01 6.860656167757772650e-01 3.880013492824718191e-01 4.056129519791349947e-01 4.009729290744994956e-01 4.613522756655217272e-01 6.177515717976140852e-01 6.601318370773229249e-01
7.196207889642574074e-01 4.164643909999219407e-01 3.285575602891980251e-01 8.035143148376274524e+00 1.222438748569377509e+01 1.015079620301182572e+01 4.000000000000000000e+00 1.072984452157706770e+00 7.973884190416894446e-01 2.505163323212477589e-01 5.688463281109296110e-01 3.318357740364565878e-01 2.302337597217798959e-01 2.510670382567085634e-01 3.563701855998631651e-01
3.018912864469347479e-01 1.250053819303945657e-01 8.403086803385120263e-01 9.036702540374690784e+00 1.336252272727718982e+01 1.123268449581482464e+01 4.000000000000000000e+00 4.659517848537018114e-01 3.112932728552658124e-01 2.515076929070701461e-01 4.052185200465668324e-01 4.572240125612717088e-01 4.306003155095131651e-01 6.526538366473332298e-01 7.448113146644806948e-01
2.036394709835243066e-01 7.826005060363555588e-01 4.614091713427296293e-01 7.563079428652876857e+00 1.132601553734219557e+01 9.384140967557016211e+00 4.000000000000000000e+00 6.765624414443205392e-01 2.986923627982337459e-01 1.481188469099849747e-01 4.421745969068780480e-01 3.833365401991543631e-01 2.742023441243326976e-01 4.152554481259156383e-01 5.326831966352983949e-01
9.414999234049157284e-01 7.446591625568735884e-01 8.073191032245969900e-01 1.154527809061554500e+01 1.707512624059452122e+01 1.426874720233975857e+01 4.000000000000000000e+00 6.487393291362067993e-01 3.993032515243740144e-01 2.255063567285707227e-01 4.555588900061121604e-01 4.243511373131412800e-01 3.582647544498340775e-01 5.260187611358375648e-01 6.307538377124719542e-01
1.470669396736277168e-01 6.090496184935716428e-01 7.638145685468310520e-01 9.515682782289779595e+00 1.413475119506922084e+01 1.176171706692568719e+01 4.000000000000000000e+00 6.761123524216200442e-01 1.780339099301181116e-01 1.673384567896778197e-01 5.161953310516104176e-01 5.351303484377022412e-01 4.038566777337632141e-01 6.535636210694626413e-01 8.075886683020291335e-01
6.444983340636609714e-01 1.337972675689099722e-01 5.391170338851943855e-01 6.661455319016662990e+00 9.859183936540057758e+00 8.200143755401114731e+00 4.000000000000000000e+00 5.404884975071058140e-01 7.731841206893706742e-02 3.627829010381652952e-02 3.452248710464726478e-01 2.981317618562497884e-01 1.623555913685011398e-01 2.778549235535320294e-01 3.926130932519767414e-01
6.529269263163058890e-01 4.624393864838862722e-01 6.575036102955369444e-01 8.923902772883979040e+00 1.315590491232239323e+01 1.118770722365364989e+01 4.000000000000000000e+00 9.669076360770732792e-02 7.669441250373493224e-01 4.526051774005437900e-01 1.619837036184134382e-01 2.148099482540719585e-01 4.284035578121468957e-01 5.193107296671916062e-01 4.584781498905982078e-01
1.899129749695909197e-01 8.853453883764789145e-01 3.428909715794792312e-03 9.230436192541709772e+00 1.402367170327978840e+01 1.159276171064999872e+01 4.000000000000000000e+00 1.049574872972969031e+00 7.524987617631363479e-01 3.358125430109782372e-01 6.594369512827528146e-01 5.286983107484901634e-01 4.393258976669024984e-01 5.987897508140545000e-01 7.326999582654093457e-01
5.261144018296038949e-01 2.711004693436416257e-01 1.516193973443933363e-01 8.506144390062356564e+00 1.282901188668514436e+01 1.078019297868523907e+01 4.000000000000000000e+00 6.711784289107556312e-01 9.641549768463469894e-01 4.580359555564031959e-01 4.433311456394233852e-01 3.576991740272604248e-01 4.456218744330029402e-01 5.360207449953734438e-01 5.583118433694690408e-01
7.839459391592350501e-01 6.032552691892947294e-01 2.990547562738212761e-01 8.114012061713786750e+00 1.204360881138855888e+01 1.020573738785252793e+01 4.000000000000000000e+00 1.917680130280871587e-01 8.729220113599974740e-01 4.449874276219143443e-01 1.665344621820998017e-01 1.522516157975629669e-01 3.591369610064303886e-01 3.880448800831112210e-01 3.194868423875083518e-01
8.107406740088765051e-01 3.819406291573579360e-01 6.434035605936286872e-01 1.121256809142058763e+01 1.668600543291982774e+01 1.402455150012264085e+01 4.000000000000000000e+00 6.534548241569193561e-01 7.781601331444071290e-01 4.112969585758752267e-01 4.704922740308024043e-01 4.324207296306661341e-01 4.778724693014262392e-01 6.309016637464952559e-01 6.857222546543936259e-01
1.944067003596987586e-01 8.308072450847555634e-01 8.790317043134343589e-01 9.301491911890465758e+00 1.406014537143725107e+01 1.169946356066529347e+01 4.000000000000000000e+00 1.049572265968364615e+00 6.906151305336968305e-01 2.621038901860681114e-01 6.142827464350463229e-01 4.427444349558417036e-01 3.273544091229516062e-01 4.320181116651144460e-01 5.629447094608431845e-01
2.286075655441612842e-01 8.981851247558733098e-01 3.891535486685020473e-01 8.556134339716351178e+00 1.258634979358847694e+01 1.054087464334229907e+01 4.000000000000000000e+00 1.571470795099690620e-01 2.501383902408573778e-01 2.636439520634913936e-01 2.484831094540370100e-01 3.674478860759333165e-01 4.205325164143142169e-01 6.318080869740972938e-01 6.714340878371858334e-01
9.597844336643337471e-01 4.477633566100269746e-02 4.820623179082801357e-01 1.040214226050501978e+01 1.553632018102781487e+01 1.298329976923148621e+01 4.000000000000000000e+00 8.812520226474486185e-01 6.060063055032336443e-01 2.800592349010867510e-01 5.635899119238841903e-01 4.646466644917215394e-01 3.837928968142120811e-01 5.329964432810977426e-01 6.517144750300882805e-01
9.566827915969760010e-01 4.250857382865781409e-01 2.551418812021702953e-01 1.015386112276342701e+01 1.506083224947407473e+01 1.256738243520884524e+01 4.000000000000000000e+00 6.058785840591475180e-01 4.375850579238153015e-01 2.518827910869392839e-01 4.370270571900484735e-01 4.160084950296982220e-01 3.752321268400655718e-01 5.418660258324305978e-01 6.334710242357433074e-01
6.638497071135261995e-01 7.742323277749740829e-01 6.264631816235181061e-01 8.084043923013846111e+00 1.197852786511428214e+01 9.996983795715596699e+00 4.000000000000000000e+00 4.862779075746570534e-01 3.248750099702427674e-01 1.500297379226966654e-01 3.108518311423927871e-01 2.565731642833044557e-01 2.091480397825560000e-01 2.920891311510204758e-01 3.589222331343771000e-01
9.280958783740969054e-01 5.859763536319355648e-01 2.235376125715827778e-01 1.139205322988871139e+01 1.703737506372653954e+01 1.414543911224507156e+01 4.000000000000000000e+00 9.799411637272141817e-01 5.634719295624371904e-01 2.655813861611689974e-01 6.314975820752833924e-01 5.313727572472078942e-01 4.100084170837201003e-01 5.915002141498376664e-01 7.405432000994177644e-01
5.608597817748810499e-01 1.063762019067269193e-01 2.179071312692429929e-01 9.169360374511986933e+00 1.370092087463613950e+01 1.140228130419850849e+01 4.000000000000000000e+00 7.713761515459440776e-01 4.026345477459692401e-01 2.389534261027228823e-01 5.455840034805182759e-01 5.156966657313510893e-01 4.166948756343499261e-01 6.273715312263431487e-01 7.632385591547191650e-01
3.703503227073693393e-01 2.807304844747435801e-01 6.182793621558507757e-01 7.030149779318318970e+00 1.050361178013392305e+01 8.933507892056535837e+00 4.000000000000000000e+00 3.157480021667359860e-01 8.369851943435820951e-01 4.168713652212240328e-01 2.339537293411109997e-01 2.000199946564551190e-01 3.579957807766175337e-01 4.022459482104631112e-01 3.645982986297497952e-01
5.397780201961115409e-01 1.435600840900631558e-01 4.657444241115082928e-01 4.231223132115700558e+00 6.345655499144885248e+00 5.396984564713104504e+00 4.000000000000000000e+00 2.950671135812677481e-01 5.858385180378067325e-01 2.196416882073282395e-01 1.390676973787879633e-01 3.961874483163097677e-02 1.158676287813385219e-01 6.794303953607286339e-02 3.997649431146480664e-02
9.776808217020876990e-01 3.502383110498044072e-01 5.570563538866154518e-01 9.755247064167146931e+00 1.451438097199991617e+01 1.222525121322323471e+01 4.000000000000000000e+00 5.448213437714767293e-01 7.992206903218335157e-01 3.774442700544295981e-01 3.579085115132670247e-01 2.857091688205254387e-01 3.615857540146414362e-01 4.309786969755076136e-01 4.461908498617118690e-01
4.767674747318429995e-01 9.838031394292909848e-01 9.621169819015389368e-01 1.353206836164505233e+01 1.997531895040123828e+01 1.685910601892567584e+01 4.000000000000000000e+00 3.021859359181860993e-01 8.045154234663165482e-01 5.595026803856237851e-01 3.822696110634924982e-01 5.030584764552138433e-01 6.830276399981476398e-01 9.354022400523093195e-01 9.403500789322541964e-01
9.072638945284650092e-03 6.133319613552630223e-01 5.351181979102030972e-01 8.095464209986086956e+00 1.190149287025278291e+01 9.957378475105215898e+00 4.000000000000000000e+00 2.173184996580913020e-01 8.448112706373568648e-02 2.037519798279207039e-01 3.028799319372970089e-01 4.403639592161938121e-01 4.301520522485985931e-01 6.900313254406703622e-01 7.715144704088624517e-01
4.763201571605677476e-01 6.252680906223759827e-01 9.359160725242587908e-02 6.821182599357753062e+00 1.025030990178273349e+01 8.619534904429993816e+00 4.000000000000000000e+00 3.952372141625313806e-01 8.077733352248773757e-01 3.809360905105862449e-01 2.621563753546667375e-01 2.013624662540820787e-01 3.235413693369170729e-01 3.581921026613775205e-01 3.373097868123021703e-01
6.331821403143419458e-01 9.175504456062558711e-01 5.977174757773395797e-02 8.500587852274099632e+00 1.274407986787331026e+01 1.060386492887488963e+01 4.000000000000000000e+00 6.182662752756178381e-01 6.502000583499997211e-01 2.977781071570049787e-01 3.934559507870157291e-01 3.114416160768494479e-01 3.202082163809820692e-01 4.035190297718438956e-01 4.541436409410368191e-01
3.229267507777034973e-01 5.573638700073813013e-02 8.715146069765236092e-01 9.261682778395742943e+00 1.366772702682868079e+01 1.154576766668817989e+01 4.000000000000000000e+00 3.471377388234578310e-01 4.201744471579016427e-01 3.265246391712577911e-01 3.544767486489724395e-01 4.352068275117516039e-01 4.796628822007014126e-01 6.992179328675790506e-01 7.547482195903524316e-01
6.833368117003275621e-01 9.386424101382551122e-01 5.392492548849722178e-01 1.174067753725949714e+01 1.738270784384137357e+01 1.464179758228896766e+01 4.000000000000000000e+00 3.347377186768167312e-01 8.264536169134408805e-01 5.024716594554484717e-01 3.361596637969280765e-01 3.884722943288319574e-01 5.535921026114755117e-01 7.226319642377196928e-01 7.145003879037729044e-01
4.710301127904683582e-01 5.279929094688096125e-01 2.112379105145327784e-01 9.902210302072688819e+00 1.460516315607086035e+01 1.220876705973188514e+01 4.000000000000000000e+00 3.348934513876301589e-01 2.760843400511169277e-01 2.890460077570930486e-01 3.752001608706840297e-01 4.914278346360666516e-01 5.023239228881173357e-01 7.690506029235338881e-01 8.497954236449684062e-01
8.825576919573833168e-01 9.819060722741785874e-01 5.907855175180384277e-01 1.313696989492689760e+01 1.920302864197343951e+01 1.611993786847168408e+01 4.000000000000000000e+00 1.103049255863581546e-01 2.681860242397912097e-01 3.449374620545185288e-01 2.913822561786505450e-01 4.838001071336458514e-01 5.686566027818278357e-01 8.645629759875078646e-01 9.097782209141916931e-01
7.986549069970989567e-01 5.184855383899784620e-01 8.130617298096520784e-01 1.353492663447821975e+01 1.988380867852698586e+01 1.678729207321563877e+01 4.000000000000000000e+00 2.216712386622792796e-01 6.175195784481158912e-01 4.994535256396949174e-01 3.566131069662653585e-01 5.177382708799458388e-01 6.711168913957166193e-01 9.551564472149768337e-01 9.748322481523434835e-01
7.333466753342101629e-01 2.122446937579758330e-02 5.878908207499109473e-01 1.150476359871999676e+01 1.700542924664729938e+01 1.431009317512751799e+01 4.000000000000000000e+00 4.906827751155278805e-01 5.413936917721199338e-01 3.946003696177014519e-01 4.583654311620823374e-01 5.336176905020666439e-01 5.736069928748446234e-01 8.316387244453365968e-01 9.064560804357683077e-01
7.171011481220684880e-01 8.941005511445969667e-01 1.409562395469964313e-01 9.216594735412975581e+00 1.389412487093035153e+01 1.158213280124960320e+01 4.000000000000000000e+00 7.948254177425683187e-01 8.952801367585561110e-01 3.709798442345877412e-01 4.668686942620273728e-01 3.208720730898141915e-01 3.426921875546402596e-01 3.931128607443846179e-01 4.395063712400126832e-01
7.319292463143083349e-01 4.200500606666357495e-02 7.175222219518102573e-01 1.075856151480387624e+01 1.588372399904480048e+01 1.345470988564433412e+01 4.000000000000000000e+00 3.131339222645154741e-01 7.185980351968486168e-01 4.658019570066623261e-01 3.351606260332793408e-01 4.067439553824903076e-01 5.488867824712740928e-01 7.390530407374914512e-01 7.446565141051695313e-01
1.231207666174487514e-01 2.673205616761762382e-01 1.584890978996096322e-01 8.183943976411939047e+00 1.214378651349116289e+01 1.014656684378654283e+01 4.000000000000000000e+00 3.944914592755262572e-01 2.857038936997428613e-01 2.812151423098886438e-01 4.009786503932418200e-01 5.000558926853813091e-01 4.941462665015673994e-01 7.571978482461320104e-01 8.472220600752663477e-01
2.554185298094712175e-01 5.840063418436178821e-01 2.453254226599135279e-01 6.706644927627935182e+00 1.010604768035504542e+01 8.502677318255088323e+00 4.000000000000000000e+00 4.456054594951517900e-01 7.964269973977584627e-01 3.819652953615798596e-01 3.004655519527180130e-01 2.421125302197878471e-01 3.472872360251185730e-01 4.024007844937936840e-01 3.964710661151096827e-01
9.566466836845753940e-01 6.610680989925064033e-01 2.937964789999514270e-01 1.131328413659473853e+01 1.683103377239168807e+01 1.409485057851725109e+01 4.000000000000000000e+00 6.191006437964978737e-01 7.552686648568278649e-01 4.000755290369347739e-01 4.478840138899289336e-01 4.130169755233895623e-01 4.617232403817724817e-01 6.080280310165121493e-01 6.579489036099840371e-01
4.067714191007586466e-01 6.804871770821362409e-01 8.113732960447684883e-01 1.075807302961129253e+01 1.598508983212109058e+01 1.334113053395613058e+01 4.000000000000000000e+00 7.150400818443770623e-01 3.782860558883548441e-01 2.442819955799231668e-01 5.261240752572211576e-01 5.179294489147138192e-01 4.312110392644409873e-01 6.531525080716635845e-01 7.837131693231159657e-01
2.361491408161269234e-01 5.811563133784867219e-01 8.984897334299823957e-01 1.058498089420784005e+01 1.578549980334980951e+01 1.326146799666109111e+01 4.000000000000000000e+00 6.577005649398345311e-01 6.872651280904626958e-01 3.940276816436459884e-01 4.975425898751165699e-01 4.870371523787677681e-01 5.089207574427691005e-01 7.028169968279082136e-01 7.779879466799360932e-01
6.548920116383879497e-01 9.249441507592885969e-01 4.062836726228034046e-01 7.733314874581144416e+00 1.145356603502601800e+01 9.518607055215051460e+00 4.000000000000000000e+00 4.489865366305665906e-01 2.497318159065914644e-01 1.210776015869873407e-01 2.925915551576973028e-01 2.502708353868668967e-01 1.927664043813414052e-01 2.809473392128710167e-01 3.512933065966782342e-01
9.191730083736346923e-01 8.984740544965879039e-01 2.467103473860517981e-01 9.150405774028623540e+00 1.368466441622865482e+01 1.137237121660363037e+01 4.000000000000000000e+00 7.313068537404546765e-01 5.836355087430747934e-01 2.261520635931925649e-01 4.245527282999841390e-01 2.968029360037471864e-01 2.457637522734006097e-01 3.055463619217613780e-01 3.812285206403797644e-01
8.111090455347887973e-01 5.467822913188710165e-01 5.899783293562094189e-01 8.578074449414792468e+00 1.283370638769964778e+01 1.074166332272252689e+01 4.000000000000000000e+00 6.951409308027676204e-01 6.624671366907858294e-01 2.574825265678594155e-01 3.966863842790854799e-01 2.634710876400075397e-01 2.452564443056347299e-01 2.839694584960681389e-01 3.387211028290687542e-01
1.046202871507770915e-01 3.257705187102798439e-01 6.519233347699532333e-01 8.882049739289730184e+00 1.326908288876665054e+01 1.118256825996239101e+01 4.000000000000000000e+00 5.132913115059093423e-01 6.992856692927191808e-01 4.145677411242715826e-01 4.204893416237388548e-01 4.357225592384518786e-01 5.061048504819852800e-01 6.865804051720625356e-01 7.303974635879929567e-01
9.065653790269811996e-02 3.098777361267956998e-03 8.863797954859981010e-01 7.590893138362171833e+00 1.149172410904467867e+01 9.693151446660754900e+00 4.000000000000000000e+00 7.986446766087305082e-01 8.232997506474332150e-01 3.670114720270061248e-01 4.982534189082867271e-01 3.834200358250147711e-01 3.881378087484703698e-01 4.838686621726576154e-01 5.490171056413715167e-01
9.689392969486259055e-01 2.885700380530631382e-01 7.156594732510433987e-01 1.404808203771727193e+01 2.082219511674760071e+01 1.748714249657282593e+01 4.000000000000000000e+00 7.158728720282712121e-01 7.356128393785263953e-01 4.634439730571512372e-01 5.816760359420484194e-01 6.097102037513333350e-01 6.369243660092223092e-01 9.022988172303482157e-01 9.964051754020271101e-01
7.654898618041264813e-01 4.140778792539232533e-01 3.772801903090715614e-01 9.020997811002684941e+00 1.343692612562177224e+01 1.127845403196597474e+01 4.000000000000000000e+00 5.301934845335397606e-01 6.679196092796800821e-01 3.353043818333975024e-01 3.666222776373536663e-01 3.193427132600396012e-01 3.642607867875237160e-01 4.652926435281307671e-01 5.005905161428805261e-01
3.863994357726923123e-01 4.158419627804001983e-01 8.589391664316095021e-01 9.042223448760912774e+00 1.332540331485507856e+01 1.132057009519116164e+01 4.000000000000000000e+00 1.394183442740427048e-01 6.443961337521938448e-01 4.218588854227157126e-01 2.145978703248733466e-01 2.943599090032988919e-01 4.640207982298595324e-01 6.084271111837917800e-01 5.816827401462408842e-01
8.250080395424326252e-01 7.660832468854084087e-02 8.972296699750584859e-01 1.069264698496274946e+01 1.576005859350006055e+01 1.335602314075268104e+01 4.000000000000000000e+00 3.140824132384492651e-01 6.713944456401041982e-01 4.200250317194256233e-01 3.117323366774449322e-01 3.622012404109531403e-01 4.860441654854605331e-01 6.484458456556525530e-01 6.547204028782317442e-01
5.921898032840766657e-02 2.373929057777390828e-02 6.999988437833274402e-01 8.239704835597809307e+00 1.221735222507646945e+01 1.043770919574444989e+01 4.000000000000000000e+00 1.405010266527118024e-01 8.119095209643040212e-01 5.329067041946480288e-01 2.493570444699573230e-01 3.540640592639399120e-01 5.783836857794281139e-01 7.542962715783351202e-01 7.127904871523450536e-01
7.871160833522777844e-01 1.416011321301466896e-01 5.994074609383315266e-02 6.407385580394778124e+00 9.670530608771430892e+00 7.992253124147482346e+00 4.000000000000000000e+00 8.062213552187640353e-01 4.015102341856188195e-01 1.145170401961184969e-01 4.443168632150857333e-01 2.920089771447189064e-01 1.608134725590664449e-01 2.154010681732583254e-01 3.271885356028491620e-01
8.193800821423878888e-01 7.803076638877023408e-01 8.575558984473634627e-01 1.333063940212356613e+01 1.983970534132957653e+01 1.658536531408001125e+01 4.000000000000000000e+00 8.957529671077570921e-01 6.807873227552075912e-01 3.599006258021400506e-01 6.181977572211845295e-01 5.584628323243018277e-01 5.031846573923386412e-01 7.096397192622925232e-01 8.329237448411646039e-01
1.075270816241200578e-01 5.008225445948801813e-01 2.868622259715108980e-01 6.926654072674031326e+00 1.030184246048544772e+01 8.735658199784170463e+00 4.000000000000000000e+00 1.289112868143452717e-01 7.015786573788628244e-01 4.364439185304893609e-01 1.962942793729861302e-01 2.629468634593403742e-01 4.503829310098366734e-01 5.722504940734045586e-01 5.318536673437407325e-01
9.322187955112832825e-01 6.091047838639480627e-01 9.545802362192538082e-01 1.231181201557016003e+01 1.817063576891261434e+01 1.529086115153052994e+01 4.000000000000000000e+00 4.838195467784551784e-01 6.067552210925777345e-01 3.686136193954281381e-01 3.982199799236929016e-01 4.168876016964186415e-01 4.682342378154075169e-01 6.452079184969033987e-01 6.944843345465564477e-01
8.498968444830480307e-01 5.047041498499003076e-01 6.765866505198219194e-01 1.039852219400398603e+01 1.547647998986096241e+01 1.303981573569951635e+01 4.000000000000000000e+00 5.572146150106330742e-01 8.532696550462830487e-01 4.179586328357581815e-01 3.814659653458881694e-01 3.208524506780476848e-01 4.116503760041855808e-01 5.001011710221412443e-01 5.145715704190673145e-01
6.728688824861202011e-01 1.579659082346072108e-01 6.516214201470381662e-01 1.065417302932424981e+01 1.579377637874463147e+01 1.334699056122534699e+01 4.000000000000000000e+00 4.260872418937044492e-01 7.708385137080254745e-01 4.643522869353345350e-01 3.818139419563445491e-01 4.171390964855944961e-01 5.369935255499285187e-01 7.144297201651332863e-01 7.321834096901509437e-01
9.287603920334489560e-01 3.016023203230310257e-01 1.287534365423245175e-01 1.168518351011811340e+01 1.759067757272414667e+01 1.462206925227976129e+01 4.000000000000000000e+00 1.179254182072374535e+00 8.140102441332363048e-01 3.579820844980149963e-01 7.360444038283422419e-01 5.859332023135217504e-01 4.754609004996142585e-01 6.507873334040391589e-01 8.044632653305564540e-01
5.437519688195799894e-01 2.971330320365052069e-01 8.580685907330587447e-02 6.871012704173601549e+00 1.028505161447452920e+01 8.623886348732689555e+00 4.000000000000000000e+00 4.443275212394642293e-01 6.068693312200527101e-01 3.045954734068762604e-01 3.092153218066567844e-01 2.692566293024293844e-01 3.210297900334023735e-01 4.043804175037363224e-01 4.277442106801351285e-01
8.180803874067227310e-01 4.667555459776909776e-01 2.097201484892688983e-01 9.371895384403098106e+00 1.399651016367787193e+01 1.156640692326972086e+01 4.000000000000000000e+00 8.911665776102024594e-01 2.634356251033718732e-01 1.142659786125339999e-01 5.613166227755753690e-01 4.695468873547675726e-01 2.840638378549186216e-01 4.526677397922812540e-01 6.203890432140426459e-01
4.939293949795500183e-01 4.107092704014174700e-01 8.607074180325732238e-01 8.373288938956266136e+00 1.256987774229487087e+01 1.063044488896363760e+01 4.000000000000000000e+00 6.067389766664982309e-01 9.401356249029662049e-01 4.084920357403964419e-01 3.638830393631394822e-01 2.474743657081961423e-01 3.405431581447933564e-01 3.675576944656150924e-01 3.682538551187036768e-01
4.119599313355624126e-01 2.970212307633246507e-01 6.708458106402859222e-01 8.448355738272553594e+00 1.279992473523945762e+01 1.074137018399145482e+01 4.000000000000000000e+00 9.070913330596037660e-01 9.318972660029724020e-01 3.754081535372372769e-01 5.260826895001889936e-01 3.572215684117390766e-01 3.546630951424614153e-01 4.107668497184638889e-01 4.747876091456625924e-01
8.340835546324903982e-01 4.443162756350635956e-01 8.270324615993662754e-02 8.817253844707067856e+00 1.302550092660031211e+01 1.087253519163459003e+01 4.000000000000000000e+00 3.855470293878534016e-01 3.227938632084784709e-01 2.281841282019177741e-01 3.254845762457138081e-01 3.559076600651547295e-01 3.512372419132893664e-01 5.165025749385787623e-01 5.808694411662614909e-01
3.789417771718776029e-01 2.813883928831699688e-01 2.864882726812234548e-02 8.812500183540434406e+00 1.338863481818369827e+01 1.117591507805600948e+01 4.000000000000000000e+00 9.319487925289464680e-01 9.651294640942120751e-01 4.411522959187279547e-01 5.922374599354502944e-01 4.685089833038291185e-01 4.772009484248792011e-01 6.029106813501670104e-01 6.811365817717104365e-01
3.131647809937719851e-01 9.744390606773677410e-01 1.483887351996332482e-01 8.475198371882944670e+00 1.254687649926401960e+01 1.056754108720021890e+01 4.000000000000000000e+00 1.030311117085298545e-01 6.573010190183763424e-01 4.340531327229238401e-01 1.976611305206295577e-01 2.858398530390328096e-01 4.710447091404824094e-01 6.145367670540168303e-01 5.791300354392284744e-01
6.892783206191220868e-01 6.242046951402507871e-01 2.420467443892628800e-01 9.034032040568472866e+00 1.341816416240728316e+01 1.130729631584450878e+01 4.000000000000000000e+00 3.058922366753599742e-01 7.750959635531377012e-01 4.290205334747845267e-01 2.680702864683466302e-01 2.770270021953893380e-01 4.268700961015923223e-01 5.277306056188921790e-01 5.072159959088096137e-01
3.537467270933324359e-01 2.886058387242799173e-01 2.576296615815647506e-01 7.978946967659129363e+00 1.194151045135332545e+01 9.973323189003901135e+00 4.000000000000000000e+00 6.049335763779438713e-01 4.980311354698685467e-01 2.805454499767226495e-01 4.373516051769908430e-01 4.144307075576676436e-01 3.917767932917445850e-01 5.543849998574693627e-01 6.373760641051054998e-01
2.949628966906024941e-01 9.627171848622102512e-01 5.832137372330946645e-01 8.075923918942370605e+00 1.210570379508598648e+01 1.004147168646811927e+01 4.000000000000000000e+00 7.317129086212281752e-01 3.984685959924393894e-01 1.653882831136777865e-01 4.489143722505175571e-01 3.532980080330536121e-01 2.521963730668294601e-01 3.595343771501421926e-01 4.680816834675363136e-01
1.359185255715360530e-01 4.505273557598165057e-01 1.620337844843452446e-01 7.616572327500159112e+00 1.137223592708350672e+01 9.412908275207618303e+00 4.000000000000000000e+00 6.138724774426215225e-01 1.791475071357516990e-01 1.616418369541861577e-01 4.703482778619399451e-01 4.883265273378902260e-01 3.745505289050663489e-01 6.020296569767051853e-01 7.398127131214988772e-01
5.576374571791282708e-01 2.819767477936711009e-01 7.210786901175106900e-01 1.040292945556044479e+01 1.553896128674945487e+01 1.307785271982006847e+01 4.000000000000000000e+00 6.883108577976891906e-01 8.235498979340121206e-01 4.255808882041973162e-01 4.861869377206138876e-01 4.367908101021342748e-01 4.841544612683377213e-01 6.325362147593814877e-01 6.872639628529710887e-01
6.029895332217793946e-01 1.092650055910634466e-01 4.437067780191272792e-01 1.048984724059173956e+01 1.561513349280005691e+01 1.322081898918220588e+01 4.000000000000000000e+00 4.232427088230691914e-01 9.793557003689168372e-01 5.664261058771776769e-01 3.863846277885618630e-01 4.182005730275225597e-01 6.010076532061837673e-01 7.688812542250883508e-01 7.578510232338433461e-01
8.802613083064932953e-01 8.911787107438541300e-01 5.718387261295972968e-01 1.205771926141024153e+01 1.772475469690788685e+01 1.481478108190822773e+01 4.000000000000000000e+00 3.945607822933999143e-01 2.585952414753973638e-01 2.523392171033287945e-01 3.846437957898527493e-01 4.691371174141770739e-01 4.524056640498424486e-01 6.959832549798711243e-01 7.856074183765570096e-01
2.177758755337330099e-01 9.848026013799342504e-01 7.162068125697766963e-01 7.163998958441240461e+00 1.061560834332371250e+01 8.931138346539999162e+00 4.000000000000000000e+00 2.463564588754198481e-01 4.709001714471188760e-01 2.603393699656547100e-01 2.011201365838471700e-01 2.013178371237268061e-01 2.745493234722009013e-01 3.489549502362143119e-01 3.504737292210189370e-01
2.448145604829554678e-01 2.462756411853470606e-01 3.947075393726275916e-01 8.019029818979884539e+00 1.202606746523982828e+01 1.020483695078141118e+01 4.000000000000000000e+00 3.815122657700840691e-01 9.833941715973576470e-01 5.277540575947983204e-01 3.194139392254748966e-01 3.153292294052629230e-01 5.044799254482215112e-01 6.090587443293884462e-01 5.771792755406474074e-01
9.717740342077233473e-01 2.925702363188474875e-01 6.008016902040079765e-01 1.053775723094899064e+01 1.559667924495777847e+01 1.296334264363814626e+01 4.000000000000000000e+00 7.840218242332511744e-01 1.457053708985381058e-01 9.768135266278671347e-02 5.303335904488425401e-01 4.890606197144000689e-01 3.071019956880469692e-01 5.110963169677090745e-01 6.805095466266501969e-01
2.610008864375374937e-01 2.449110436327376350e-01 9.589162998035416496e-01 1.011327285091787154e+01 1.494162150326584459e+01 1.261094404635011301e+01 4.000000000000000000e+00 3.849383020747464967e-01 4.790897002521940506e-01 3.631094966254778678e-01 3.880850001096588509e-01 4.721434455353160087e-01 5.244156994722386500e-01 7.601511392240589693e-01 8.185403304280687298e-01
4.761111519508065548e-01 2.449440250344848691e-01 8.363867634740508317e-01 9.597240141053951845e+00 1.423704208879694377e+01 1.199693467853137996e+01 4.000000000000000000e+00 4.969847107700339772e-01 5.673277594320926820e-01 3.389134298133714696e-01 3.950404796933242313e-01 4.033001610574522555e-01 4.372231777320733093e-01 6.050681609861845445e-01 6.600076626561959259e-01
4.078829358380365866e-01 7.359300528738261793e-01 3.402326495659472316e-01 8.770938888953679680e+00 1.302456238894183826e+01 1.095326033855029380e+01 4.000000000000000000e+00 3.081249414109712981e-01 6.425084221213751556e-01 3.878314633240301790e-01 2.890638111817860345e-01 3.231106860759482280e-01 4.369425712550208951e-01 5.753596373369704864e-01 5.794346826922053273e-01
5.412647573773492482e-01 4.278489697388226931e-01 6.186083569406998217e-01 8.244807694475555948e+00 1.213555779687884950e+01 1.022146199873506944e+01 4.000000000000000000e+00 2.365154621949006331e-01 3.609539103436411045e-01 2.566613068752827687e-01 2.414448295829276780e-01 2.928250775785041227e-01 3.449476103149570205e-01 4.882101211698486321e-01 5.153556204941289742e-01
2.697715924584697111e-01 5.672835479269917602e-01 6.815468293043953629e-01 1.174626976009472834e+01 1.727872724890306699e+01 1.456186307176529127e+01 4.000000000000000000e+00 1.981289255866850452e-01 4.579326056957566671e-01 4.469813236949921609e-01 3.622818161238355317e-01 5.529556179112545822e-01 6.701777995544887512e-01 9.897235214555670790e-01 1.032145546502017286e+00
3.235073816454854256e-01 6.550733222095673769e-01 6.178725407828411509e-02 9.510576229991993813e+00 1.406636746645260416e+01 1.169423464395930878e+01 4.000000000000000000e+00 4.219954404581126028e-01 1.800182435588795204e-01 2.388939435159703473e-01 4.246502489817023385e-01 5.324632798608172068e-01 4.886462546758257308e-01 7.748311148228874679e-01 8.879571784746713714e-01
6.715480560528315213e-01 7.099155067602045399e-01 5.513059269709641441e-01 1.118811493795536371e+01 1.661306826244241819e+01 1.400077278929861002e+01 4.000000000000000000e+00 4.267233295560394213e-01 8.696180337770323954e-01 4.958583469923034670e-01 3.684554889241740128e-01 3.856913650498621227e-01 5.318433122464101270e-01 6.828982570405097707e-01 6.830805499321049856e-01
4.559990097515806973e-01 9.017412347066221523e-01 9.112204979132265681e-02 8.449279412989037397e+00 1.262811651107874056e+01 1.061822100247890077e+01 4.000000000000000000e+00 3.377032478820363171e-01 8.647196744057330520e-01 4.587385868432650171e-01 2.769817938591652706e-01 2.680653147276276793e-01 4.328047103504440440e-01 5.182133870206353521e-01 4.893095078655897434e-01
3.861280309396135646e-01 5.576795283633181333e-01 8.386747450113644087e-01 6.465343959472107827e+00 9.647806834912023177e+00 8.044047227949750578e+00 4.000000000000000000e+00 5.954837630132900905e-01 2.798708872934222436e-01 8.634498482289619525e-02 3.375614226075003277e-01 2.349514760342755193e-01 1.348119284347535363e-01 1.889865003893812789e-01 2.763963053527528912e-01
5.549409989984800395e-01 4.225266813096245633e-01 4.464554120768658985e-01 7.085959955219885309e+00 1.058691149254811137e+01 8.741166340930966783e+00 4.000000000000000000e+00 7.527440294958046563e-01 1.395961303027096756e-01 3.236681882111894226e-02 4.481166326270821787e-01 3.493468634522649552e-01 1.638570808195226047e-01 2.786477662754174855e-01 4.253531935454762936e-01
8.337096905234193667e-01 8.659117262156831307e-01 9.072032406637451363e-01 9.683465943750302785e+00 1.441904412028591054e+01 1.215103225881127713e+01 4.000000000000000000e+00 5.361541726190048873e-01 8.514626457514973268e-01 3.624904957326876564e-01 3.136040011145442286e-01 2.020531952570180367e-01 2.889566151306784958e-01 3.005471987336886808e-01 2.961236735167395162e-01
5.741071101114115782e-01 7.304122672964352692e-02 1.340105975224711310e-01 7.282223579409729197e+00 1.080099100655121980e+01 9.076996392442106654e+00 4.000000000000000000e+00 3.294681697899205508e-01 4.507538405241114376e-01 2.868796814724176025e-01 2.897364678087024914e-01 3.186412365887376086e-01 3.678508883170449884e-01 5.098771126718408819e-01 5.429254347877346953e-01
4.926070635564560041e-01 1.973619176133651898e-01 4.683537514431781457e-01 5.823955195077173741e+00 8.879206664436726015e+00 7.359706928832443040e+00 4.000000000000000000e+00 9.093612097657973736e-01 5.123949154952156526e-01 1.242354982618718712e-01 4.690358495201260580e-01 2.632882074679582241e-01 1.270897076191152553e-01 1.410328563450396477e-01 2.502037521432063927e-01
4.338676461367265702e-01 6.546902401092947743e-01 2.470233129920007542e-01 8.573586657390768195e+00 1.279179407822371672e+01 1.084960680333223593e+01 4.000000000000000000e+00 2.189066009746377661e-01 1.034369966067198776e+00 5.624925783091786480e-01 2.271043018393772983e-01 2.448447462486464665e-01 4.985856631878424206e-01 5.775607839001637434e-01 5.035739955216340658e-01
2.973365622287783561e-01 2.809861042180750168e-02 6.747470358853635553e-02 6.811473386362490778e+00 1.024777250746371138e+01 8.484245794521649842e+00 4.000000000000000000e+00 7.351678953529778848e-01 2.915671187943773557e-01 1.649516048340980701e-01 4.995496184664917627e-01 4.556643151374230594e-01 3.307666356731033819e-01 5.121218650097194569e-01 6.494317948452688061e-01
8.037292426114248656e-01 9.713128736660022744e-01 7.484809232418987435e-02 1.254697762646299886e+01 1.870570124232879650e+01 1.554560956586657028e+01 4.000000000000000000e+00 8.280867396221373022e-01 6.018599384191120061e-01 3.536382101890669927e-01 6.049187802982416429e-01 5.833845792950762554e-01 5.300958346243869190e-01 7.676341297269825281e-01 8.942873752027402645e-01
2.841947712917232138e-01 5.042344875102355850e-01 7.426057634606142432e-02 9.721035447812802488e+00 1.462077210487331058e+01 1.214707734981401366e+01 4.000000000000000000e+00 8.600499638735015218e-01 6.028230132186570556e-01 3.388079883356421296e-01 6.100703489212947472e-01 5.711343350358323301e-01 5.060844842242128161e-01 7.304828064408408483e-01 8.604406117238384555e-01
8.145690372030647275e-01 7.345649995702812074e-01 9.816147276333014871e-01 8.642464192643101839e+00 1.264073040515137336e+01 1.070446586327115490e+01 4.000000000000000000e+00 8.526252524441507719e-02 4.300902354298264396e-01 2.550108878952884739e-01 1.118105559723997500e-01 1.400524387008045823e-01 2.509368843443198216e-01 3.104426201235996330e-01 2.838539165286280141e-01
4.508952509428395539e-01 6.589814092563465175e-01 2.354804548946649589e-01 7.729442086125120071e+00 1.140242312569558791e+01 9.554780996318692488e+00 4.000000000000000000e+00 2.074479947782930100e-01 3.386904153219396085e-01 2.564686677354819366e-01 2.329072981030644862e-01 2.973983084766846918e-01 3.532843566070418273e-01 5.051649812075280632e-01 5.313523386319366493e-01
2.098552966656562768e-01 9.169408587374152653e-01 1.137346163208683425e-01 7.429193264072207370e+00 1.114328743169771307e+01 9.417297219439090483e+00 4.000000000000000000e+00 2.364097861554972646e-01 9.691447978828726662e-01 5.124438862261474492e-01 2.182074253203292735e-01 2.181958338187792168e-01 4.442070726496488708e-01 5.059127859660763615e-01 4.400619543956129087e-01
3.679445407570952620e-01 8.782783120517656528e-02 3.607513209750523586e-02 7.540360844979323574e+00 1.114551539766178578e+01 9.393698181746012565e+00 4.000000000000000000e+00 1.736448836205633506e-01 4.517753166514017482e-01 3.581184051524463618e-01 2.609529471250794375e-01 3.708659282932837975e-01 4.784410318347582791e-01 6.791756735973081271e-01 6.943362051202002228e-01
5.869186495387885838e-01 3.624093902822150826e-01 3.473906793517562708e-01 1.009053421782278015e+01 1.506647851838832430e+01 1.252789700293480379e+01 4.000000000000000000e+00 8.340010524959661220e-01 4.125548842413021000e-01 2.362019683834391814e-01 5.782148865748064637e-01 5.356854549075549254e-01 4.199411672480171664e-01 6.341332922773283975e-01 7.812295803299104113e-01
2.245034060419366373e-01 8.428735206367032884e-01 8.035389609028512625e-01 9.516428083740137822e+00 1.409076915661494667e+01 1.190477513940106569e+01 4.000000000000000000e+00 2.522952350488085749e-01 6.788516980586228877e-01 4.269804440318429872e-01 2.758800785529518795e-01 3.344571304969820580e-01 4.792221787094086416e-01 6.318582594570825162e-01 6.236316731090595367e-01
8.646101499572055316e-01 6.094554569198482596e-01 7.873732757461817666e-01 8.749668464205944574e+00 1.272856025635696930e+01 1.072808075237219327e+01 4.000000000000000000e+00 4.447988091691037343e-02 1.578342166768126609e-01 1.720715488075705013e-01 1.276413500418874802e-01 2.126943914028318061e-01 2.632264744932195089e-01 3.918722040223522329e-01 4.056613881106743702e-01
8.223178034068890918e-01 6.741359353989264669e-01 8.439443690862142855e-01 1.130434477430340934e+01 1.666448865799860712e+01 1.407069992226437094e+01 4.000000000000000000e+00 2.938339208724545237e-01 6.817279009027270575e-01 4.178188576209106997e-01 2.919071081068841389e-01 3.368332362591635598e-01 4.684249624790348121e-01 6.162425784417173702e-01 6.145224829037255754e-01
6.619718368483343829e-01 2.338421582336140947e-01 4.801771688696583329e-01 9.757052449112894266e+00 1.445225162434389077e+01 1.204680241407425889e+01 4.000000000000000000e+00 6.371929558258975224e-01 2.262346668737910127e-01 1.805188958766819063e-01 4.824925406682073481e-01 4.936906824510949310e-01 3.863729628842718644e-01 6.115302107332033499e-01 7.472926781439721555e-01
