1.684879112243652344e+01
2.827817499637603760e-01
1.292078942060470581e-01
8.529790490865707397e-02
6.977753341197967529e-02
6.207148730754852295e-02
5.726244673132896423e-02
5.403557419776916504e-02
5.081643536686897278e-02
4.849272966384887695e-02
4.662474989891052246e-02
4.491673409938812256e-02
4.366026818752288818e-02
4.255129024386405945e-02
4.156497120857238770e-02
4.070229455828666687e-02
3.986593708395957947e-02
3.898086771368980408e-02
3.807530924677848816e-02
3.728460893034934998e-02
3.638323023915290833e-02
3.556763753294944763e-02
3.486907854676246643e-02
3.455495834350585938e-02
3.375017642974853516e-02
3.306146711111068726e-02
3.287845849990844727e-02
3.213769569993019104e-02
3.161972016096115112e-02
3.128895536065101624e-02
3.054338693618774414e-02
3.002500534057617188e-02
2.932032756507396698e-02
2.895450592041015625e-02
2.865030616521835327e-02
2.783320844173431396e-02
2.795428037643432617e-02
2.735418453812599182e-02
2.755276113748550415e-02
2.593688666820526123e-02
2.604898624122142792e-02
2.613146044313907623e-02
2.542109414935112000e-02
2.675189264118671417e-02
2.505517937242984772e-02
2.447701431810855865e-02
2.425937540829181671e-02
2.504641935229301453e-02
2.409955486655235291e-02
2.394142374396324158e-02
2.371793426573276520e-02
2.665965259075164795e-02
2.287864126265048981e-02
2.389392256736755371e-02
2.361175604164600372e-02
2.279972471296787262e-02
2.218068204820156097e-02
2.243580482900142670e-02
2.349735610187053680e-02
2.365277893841266632e-02
2.390781044960021973e-02
2.787533961236476898e-02
2.298323065042495728e-02
2.589091286063194275e-02
2.302692085504531860e-02
2.258300781250000000e-02
2.099437266588211060e-02
2.118146419525146484e-02
2.038740552961826324e-02
2.321673743426799774e-02
2.078859508037567139e-02
2.502766810357570648e-02
2.097431756556034088e-02
2.418730594217777252e-02
3.678226843476295471e-02
2.616452984511852264e-02
1.919171027839183807e-02
1.894207857549190521e-02
1.930393837392330170e-02
2.047399431467056274e-02
1.904943957924842834e-02
2.013895288109779358e-02
1.882461830973625183e-02
1.962470076978206635e-02
2.262762747704982758e-02
2.226578257977962494e-02
2.156667970120906830e-02
3.913335129618644714e-02
3.362387418746948242e-02
1.807140558958053589e-02
1.941016316413879395e-02
1.982989907264709473e-02
2.063071541488170624e-02
1.768822409212589264e-02
1.821658387780189514e-02
1.777777075767517090e-02
2.009706199169158936e-02
2.036957256495952606e-02
3.460585325956344604e-02
3.236536681652069092e-02
1.808867789804935455e-02
1.723563112318515778e-02
1.713209040462970734e-02
1.747998967766761780e-02
1.822490058839321136e-02
1.757085323333740234e-02
1.894724741578102112e-02
1.692090556025505066e-02
1.667445711791515350e-02
1.655156165361404419e-02
2.335931360721588135e-02
2.509399503469467163e-02
1.660107634961605072e-02
1.635340973734855652e-02
1.761328987777233124e-02
1.654062606394290924e-02
1.819309033453464508e-02
1.796688884496688843e-02
2.703455835580825806e-02
2.022315375506877899e-02
1.556572131812572479e-02
1.531340368092060089e-02
1.763465628027915955e-02
1.698708161711692810e-02
1.932705752551555634e-02
1.490231137722730637e-02
1.613699272274971008e-02
1.726539991796016693e-02
1.922270655632019043e-02
1.599791087210178375e-02
2.991851232945919037e-02
3.956210985779762268e-02
1.568412221968173981e-02
1.524611189961433411e-02
1.494171377271413803e-02
1.561135891824960709e-02
1.591947488486766815e-02
1.492389570921659470e-02
1.496535446494817734e-02
1.468370016664266586e-02
1.426395867019891739e-02
1.586527191102504730e-02
1.758735068142414093e-02
1.426492445170879364e-02
1.615290157496929169e-02
1.580277457833290100e-02
1.523246429860591888e-02
1.498350966721773148e-02
1.356073562055826187e-02
5.264996364712715149e-02
1.550170034170150757e-02
1.355347875505685806e-02
1.395045593380928040e-02
1.406359858810901642e-02
1.298765838146209717e-02
1.393187232315540314e-02
1.489006448537111282e-02
1.347752474248409271e-02
1.361216418445110321e-02
1.505019608885049820e-02
1.329547818750143051e-02
1.345175411552190781e-02
1.304949354380369186e-02
1.277127675712108612e-02
1.401081867516040802e-02
1.362819317728281021e-02
1.941252499818801880e-02
2.185374870896339417e-02
1.365456078201532364e-02
1.358929276466369629e-02
1.346473209559917450e-02
1.374341081827878952e-02
1.398333534598350525e-02
1.343122031539678574e-02
1.311925146728754044e-02
1.325430348515510559e-02
1.326177641749382019e-02
1.292404811829328537e-02
1.600948348641395569e-02
1.569239608943462372e-02
1.231482252478599548e-02
1.192436367273330688e-02
1.404391974210739136e-02
1.167758833616971970e-02
1.306673884391784668e-02
1.340766251087188721e-02
1.223467849195003510e-02
1.332250237464904785e-02
2.443422749638557434e-02
1.140553690493106842e-02
1.159753371030092239e-02
1.186452712863683701e-02
1.123618613928556442e-02
1.117882598191499710e-02
1.113920379430055618e-02
1.141411811113357544e-02
1.071657892316579819e-02
1.097985822707414627e-02
1.151393353939056396e-02
1.093496754765510559e-02
1.108743529766798019e-02
1.040818635374307632e-02
1.149285212159156799e-02
1.268876623362302780e-02
1.146673597395420074e-02
1.214029267430305481e-02
1.127763092517852783e-02
1.121481973677873611e-02
1.246291212737560272e-02
1.044403575360774994e-02
1.072309911251068115e-02
1.079833135008811951e-02
1.465102564543485641e-02
1.532319094985723495e-02
1.110538374632596970e-02
1.031187828630208969e-02
1.043978054076433182e-02
1.035482715815305710e-02
1.004300639033317566e-02
1.073283609002828598e-02
1.050187554210424423e-02
1.042224466800689697e-02
9.923772886395454407e-03
1.001809630542993546e-02
1.281586941331624985e-02
1.347077637910842896e-02
1.101008243858814240e-02
1.063011772930622101e-02
1.013718731701374054e-02
1.058888528496026993e-02
9.859474375844001770e-03
1.013209205120801926e-02
1.306496933102607727e-02
9.659657254815101624e-03
9.560925886034965515e-03
1.025823317468166351e-02
1.310424227267503738e-02
1.002314779907464981e-02
1.382135227322578430e-02
1.060720440000295639e-02
9.459811262786388397e-03
9.372568689286708832e-03
9.620885364711284637e-03
1.038137264549732208e-02
9.592631831765174866e-03
1.006110478192567825e-02
9.576122276484966278e-03
9.543655440211296082e-03
1.083957590162754059e-02
1.049921289086341858e-02
1.140341628342866898e-02
9.579354897141456604e-03
9.492031298577785492e-03
9.532171301543712616e-03
9.327094070613384247e-03
9.855282492935657501e-03
1.080886088311672211e-02
1.160025037825107574e-02
9.080509655177593231e-03
1.067354902625083923e-02
1.021824404597282410e-02
9.478613734245300293e-03
9.380978532135486603e-03
9.350919164717197418e-03
9.206111542880535126e-03
1.048871129751205444e-02
9.693658910691738129e-03
9.713890962302684784e-03
9.755043312907218933e-03
9.362872689962387085e-03
1.015771459788084030e-02
9.116416797041893005e-03
1.035562250763177872e-02
8.883344009518623352e-03
9.649998508393764496e-03
9.551607072353363037e-03
3.150853514671325684e-02
1.467771641910076141e-02
1.346869859844446182e-02
1.295450981706380844e-02
1.098301913589239120e-02
1.047885883599519730e-02
1.080874633044004440e-02
9.655942209064960480e-03
9.925863705575466156e-03
9.700489230453968048e-03
9.363052435219287872e-03
9.762089699506759644e-03
1.036605145782232285e-02
9.378034621477127075e-03
9.121519513428211212e-03
9.054296649992465973e-03
8.967692032456398010e-03
8.991707116365432739e-03
8.821503259241580963e-03
9.143829345703125000e-03
9.498282335698604584e-03
8.805652149021625519e-03
9.389503858983516693e-03
1.009664684534072876e-02
9.158704429864883423e-03
8.765902370214462280e-03
9.244648739695549011e-03
8.924875408411026001e-03
8.732132613658905029e-03
9.562424384057521820e-03
9.128498844802379608e-03
8.881525136530399323e-03
9.168023243546485901e-03
8.852636441588401794e-03
9.496272541582584381e-03
8.977700024843215942e-03
9.420368820428848267e-03
1.022883411496877670e-02
8.986057713627815247e-03
9.303499944508075714e-03
8.712209761142730713e-03
8.525012060999870300e-03
9.486555121839046478e-03
8.844012394547462463e-03
8.610905148088932037e-03
8.678954094648361206e-03
8.531121537089347839e-03
8.411932736635208130e-03
8.776519447565078735e-03
8.773092180490493774e-03
8.890250697731971741e-03
8.743007667362689972e-03
8.641594089567661285e-03
9.225373156368732452e-03
9.070633910596370697e-03
8.637821301817893982e-03
8.797855116426944733e-03
8.292169310152530670e-03
8.824404329061508179e-03
8.807411417365074158e-03
8.407299406826496124e-03
8.321412838995456696e-03
8.554257452487945557e-03
8.451111614704132080e-03
8.567281067371368408e-03
8.318590000271797180e-03
8.956622332334518433e-03
8.734756149351596832e-03
9.245048277080059052e-03
8.754855021834373474e-03
8.505221456289291382e-03
8.190732449293136597e-03
8.285907097160816193e-03
8.243068121373653412e-03
8.301674388349056244e-03
8.426536805927753448e-03
8.498710580170154572e-03
8.170899935066699982e-03
8.514123037457466125e-03
8.464949205517768860e-03
8.119288831949234009e-03
8.135287091135978699e-03
8.199845440685749054e-03
8.251710794866085052e-03
8.049247786402702332e-03
9.320200420916080475e-03
8.424220606684684753e-03
8.022704161703586578e-03
8.154645562171936035e-03
7.973484694957733154e-03
8.328695781528949738e-03
7.944251410663127899e-03
8.566585369408130646e-03
8.351845666766166687e-03
8.094084449112415314e-03
7.961779832839965820e-03
8.159548975527286530e-03
8.155815303325653076e-03
7.882303558290004730e-03
8.002104237675666809e-03
7.829159498214721680e-03
8.289952762424945831e-03
8.380809798836708069e-03
7.871144451200962067e-03
7.699000183492898941e-03
8.215812966227531433e-03
7.892169989645481110e-03
9.488654322922229767e-03
7.942074909806251526e-03
8.626567199826240540e-03
7.803624030202627182e-03
7.807690184563398361e-03
8.074249140918254852e-03
7.654779125005006790e-03
7.731595542281866074e-03
7.769775576889514923e-03
9.355166926980018616e-03
8.170294575393199921e-03
7.938043214380741119e-03
7.904048077762126923e-03
7.895379327237606049e-03
8.439942263066768646e-03
7.752201519906520844e-03
7.753987330943346024e-03
7.859666831791400909e-03
7.708609569817781448e-03
8.004919625818729401e-03
7.627766113728284836e-03
7.932088337838649750e-03
7.885669358074665070e-03
7.657017093151807785e-03
7.430263794958591461e-03
7.649593055248260498e-03
7.645909674465656281e-03
8.834857493638992310e-03
7.766127586364746094e-03
7.988623343408107758e-03
7.543712388724088669e-03
7.742965128272771835e-03
8.096339181065559387e-03
7.754251360893249512e-03
7.740090601146221161e-03
7.424140349030494690e-03
7.510273717343807220e-03
7.440220098942518234e-03
7.541596423834562302e-03
7.583796046674251556e-03
7.493791636079549789e-03
7.671497296541929245e-03
8.272139355540275574e-03
7.478548679500818253e-03
7.384879514575004578e-03
7.967010140419006348e-03
7.558565121144056320e-03
7.420903537422418594e-03
7.826316170394420624e-03
8.499542251229286194e-03
7.419423665851354599e-03
7.401895709335803986e-03
7.907955907285213470e-03
7.262087892740964890e-03
7.351030129939317703e-03
7.624058052897453308e-03
7.517667952924966812e-03
7.554232142865657806e-03
7.177222985774278641e-03
7.485860493034124374e-03
7.102893665432929993e-03
8.358156308531761169e-03
7.155034225434064865e-03
7.829060778021812439e-03
7.526526227593421936e-03
7.187561132013797760e-03
7.036154624074697495e-03
7.273301947861909866e-03
7.244905456900596619e-03
7.318934891372919083e-03
7.623601704835891724e-03
7.475108373910188675e-03
7.358435075730085373e-03
7.491733413189649582e-03
7.411128841340541840e-03
7.378656417131423950e-03
7.194649893790483475e-03
7.013933267444372177e-03
7.126439362764358521e-03
7.699179928749799728e-03
7.258419878780841827e-03
7.978443987667560577e-03
7.181696593761444092e-03
7.131351158022880554e-03
7.740539964288473129e-03
7.179524283856153488e-03
7.046951446682214737e-03
7.463342510163784027e-03
7.243901956826448441e-03
7.463037036359310150e-03
7.143364753574132919e-03
7.290006615221500397e-03
7.129216101020574570e-03
7.347798440605401993e-03
7.192765828222036362e-03
7.095498498529195786e-03
7.192254997789859772e-03
7.370465900748968124e-03
7.527722977101802826e-03
7.023847661912441254e-03
7.078940980136394501e-03
7.069222163408994675e-03
7.537977769970893860e-03
8.047747425734996796e-03
6.962188985198736191e-03
7.058022543787956238e-03
7.200395688414573669e-03
7.221189327538013458e-03
6.851152982562780380e-03
7.063707802444696426e-03
6.996249780058860779e-03
6.927317008376121521e-03
6.809217389672994614e-03
7.985877804458141327e-03
7.070584222674369812e-03
6.989583838731050491e-03
7.248877082020044327e-03
6.765742320567369461e-03
6.974009796977043152e-03
7.450276985764503479e-03
7.374303415417671204e-03
6.872005760669708252e-03
7.001881022006273270e-03
7.136012893170118332e-03
6.766431033611297607e-03
6.996624171733856201e-03
6.845330819487571716e-03
6.762107834219932556e-03
7.345116231590509415e-03
7.571394089609384537e-03
6.925341673195362091e-03
6.801070179790258408e-03
6.799926050007343292e-03
6.915157195180654526e-03
7.087020669132471085e-03
6.828498095273971558e-03
6.717598065733909607e-03
6.806194782257080078e-03
6.888889241963624954e-03
7.161407731473445892e-03
6.985821761190891266e-03
6.956612691283226013e-03
6.862021051347255707e-03
6.875952240079641342e-03
7.078765425831079483e-03
6.649349350482225418e-03
6.840930320322513580e-03
6.729530636221170425e-03
6.563204340636730194e-03
7.004103157669305801e-03
6.552992388606071472e-03
6.557191722095012665e-03
6.646840367466211319e-03
6.679077167063951492e-03
6.791423074901103973e-03
6.739041302353143692e-03
6.694488227367401123e-03
7.329833228141069412e-03
6.768210791051387787e-03
6.656994111835956573e-03
6.833000108599662781e-03
7.553585339337587357e-03
6.895798724144697189e-03
6.631359457969665527e-03
6.583794020116329193e-03
6.579235661774873734e-03
6.625833455473184586e-03
6.855353713035583496e-03
6.504955235868692398e-03
6.972105707973241806e-03
6.618371233344078064e-03
6.565911695361137390e-03
7.022306323051452637e-03
6.486356724053621292e-03
6.635654252022504807e-03
7.207444403320550919e-03
6.609390489757061005e-03
6.446743384003639221e-03
6.581042427569627762e-03
6.825114134699106216e-03
6.803527008742094040e-03
6.800483912229537964e-03
6.694044917821884155e-03
7.055866532027721405e-03
6.416601128876209259e-03
6.350236944854259491e-03
6.603690795600414276e-03
6.738437805324792862e-03
6.249921862035989761e-03
6.775889080017805099e-03
6.843247916549444199e-03
6.522146053612232208e-03
6.901402492076158524e-03
6.420011166483163834e-03
6.741722114384174347e-03
6.385919172316789627e-03
6.438218057155609131e-03
6.431375164538621902e-03
6.430197972804307938e-03
6.528426427394151688e-03
6.685852538794279099e-03
6.459915079176425934e-03
7.365805562585592270e-03
6.615585647523403168e-03
6.935882382094860077e-03
6.487682461738586426e-03
6.629332434386014938e-03
6.345454603433609009e-03
6.473691202700138092e-03
6.465651094913482666e-03
6.290881428867578506e-03
6.393317598849534988e-03
6.439099088311195374e-03
6.604502443224191666e-03
6.389921531081199646e-03
6.236752495169639587e-03
6.243033334612846375e-03
6.577488966286182404e-03
6.901353597640991211e-03
6.405645981431007385e-03
6.381904706358909607e-03
6.767295300960540771e-03
6.634344812482595444e-03
6.847574375569820404e-03
6.481242831796407700e-03
6.369585637003183365e-03
6.171927321702241898e-03
6.491777487099170685e-03
6.184883881360292435e-03
6.327489856630563736e-03
6.176516879349946976e-03
6.320616696029901505e-03
6.206328980624675751e-03
6.201768293976783752e-03
6.601439788937568665e-03
6.827425677329301834e-03
6.194602232426404953e-03
6.418420467525720596e-03
6.130518857389688492e-03
6.139818578958511353e-03
6.234246771782636642e-03
6.111787632107734680e-03
6.358670070767402649e-03
6.258101202547550201e-03
6.230371072888374329e-03
6.567135918885469437e-03
6.160536315292119980e-03
6.239568348973989487e-03
6.383200641721487045e-03
6.038625258952379227e-03
6.433755625039339066e-03
6.860791705548763275e-03
6.123533938080072403e-03
6.432835012674331665e-03
6.110575981438159943e-03
6.222700700163841248e-03
6.204113829880952835e-03
6.194083020091056824e-03
6.667935755103826523e-03
6.276123225688934326e-03
6.175829097628593445e-03
6.368765141814947128e-03
6.523169577121734619e-03
6.338735576719045639e-03
6.255775690078735352e-03
6.597010418772697449e-03
6.192488130182027817e-03
6.200611125677824020e-03
6.268760655075311661e-03
6.359576247632503510e-03
6.065730005502700806e-03
6.233474239706993103e-03
6.230990868061780930e-03
6.487044505774974823e-03
6.187229417264461517e-03
5.965558346360921860e-03
6.051394622772932053e-03
6.568283773958683014e-03
6.738225929439067841e-03
6.021978799253702164e-03
5.931639578193426132e-03
6.177212577313184738e-03
6.059063132852315903e-03
6.102185230702161789e-03
6.187533028423786163e-03
6.120736245065927505e-03
6.007900927215814590e-03
6.187631748616695404e-03
6.648184731602668762e-03
6.231124512851238251e-03
5.946836434304714203e-03
5.887767300009727478e-03
6.015610415488481522e-03
6.056104786694049835e-03
6.287223659455776215e-03
6.250368431210517883e-03
6.096168886870145798e-03
6.079593207687139511e-03
6.231409497559070587e-03
6.145860534161329269e-03
5.860949866473674774e-03
5.785840563476085663e-03
6.268728058785200119e-03
6.087375804781913757e-03
5.974253173917531967e-03
6.087062880396842957e-03
6.036174017935991287e-03
7.681859657168388367e-03
5.942049901932477951e-03
6.030888762325048447e-03
5.865646060556173325e-03
5.902924574911594391e-03
6.125435698777437210e-03
6.080961320549249649e-03
6.134259980171918869e-03
6.715694908052682877e-03
5.896999035030603409e-03
5.873094778507947922e-03
5.858274642378091812e-03
5.952608771622180939e-03
5.956871900707483292e-03
5.915512330830097198e-03
6.127590313553810120e-03
6.198509130626916885e-03
6.166788283735513687e-03
5.830366164445877075e-03
6.078793201595544815e-03
6.125637330114841461e-03
5.721935071051120758e-03
5.847263149917125702e-03
6.461071316152811050e-03
6.002253852784633636e-03
6.147661712020635605e-03
5.792620126157999039e-03
5.763982422649860382e-03
6.000624038279056549e-03
5.674708634614944458e-03
5.828376859426498413e-03
5.932584404945373535e-03
5.971079226583242416e-03
6.168562918901443481e-03
5.757496692240238190e-03
5.826983135193586349e-03
5.784895736724138260e-03
6.661508698016405106e-03
6.138907745480537415e-03
5.875212606042623520e-03
5.648476071655750275e-03
5.993951112031936646e-03
6.727212108671665192e-03
5.920327734202146530e-03
5.754633806645870209e-03
5.648614838719367981e-03
5.761402193456888199e-03
5.986217409372329712e-03
5.868435371667146683e-03
5.888957995921373367e-03
5.728015210479497910e-03
5.598925054073333740e-03
5.678667686879634857e-03
6.680878810584545135e-03
5.783927161246538162e-03
6.067700684070587158e-03
5.667713470757007599e-03
5.788206122815608978e-03
6.266008596867322922e-03
5.891427863389253616e-03
5.885283462703227997e-03
6.007965654134750366e-03
5.671516992151737213e-03
5.942865274846553802e-03
5.895226262509822845e-03
5.650560371577739716e-03
5.628715269267559052e-03
8.500899188220500946e-03
5.923490040004253387e-03
5.844447296112775803e-03
5.727014970034360886e-03
5.826898384839296341e-03
5.708076059818267822e-03
5.648042075335979462e-03
5.774099379777908325e-03
5.707170348614454269e-03
5.509448703378438950e-03
5.793571006506681442e-03
5.898988805711269379e-03
5.959726404398679733e-03
5.805883556604385376e-03
5.839321296662092209e-03
5.895773880183696747e-03
5.876392591744661331e-03
5.979941692203283310e-03
5.658457055687904358e-03
5.906952545046806335e-03
5.655981600284576416e-03
5.601092241704463959e-03
5.744645372033119202e-03
5.921171512454748154e-03
5.806530360132455826e-03
5.615689326077699661e-03
5.568569060415029526e-03
5.730800330638885498e-03
5.756684113293886185e-03
5.667196121066808701e-03
5.534699652343988419e-03
5.459128879010677338e-03
5.673413630574941635e-03
5.489053204655647278e-03
5.997119471430778503e-03
5.993098486214876175e-03
5.471194628626108170e-03
5.777751095592975616e-03
6.135333795100450516e-03
5.373224616050720215e-03
5.751425866037607193e-03
5.942258983850479126e-03
5.866580177098512650e-03
6.041126791387796402e-03
5.419455468654632568e-03
5.666214972734451294e-03
5.562388338148593903e-03
5.634443368762731552e-03
5.607583094388246536e-03
5.784583278000354767e-03
5.485624074935913086e-03
5.613887682557106018e-03
6.287756841629743576e-03
5.508734378963708878e-03
5.624017678201198578e-03
5.396509543061256409e-03
5.598321557044982910e-03
6.642902269959449768e-03
5.471619777381420135e-03
5.348512902855873108e-03
5.571585148572921753e-03
5.648901220411062241e-03
5.596186500042676926e-03
5.375860724598169327e-03
5.404493305832147598e-03
5.494235549122095108e-03
5.461224354803562164e-03
5.583674181252717972e-03
5.454288329929113388e-03
5.575737915933132172e-03
5.667393095791339874e-03
5.604782141745090485e-03
5.670587997883558273e-03
5.574862472712993622e-03
5.457907449454069138e-03
5.607649683952331543e-03
5.296901334077119827e-03
5.922163370996713638e-03
5.679424852132797241e-03
5.574014037847518921e-03
5.402846727520227432e-03
5.925245583057403564e-03
5.420272704213857651e-03
5.177380982786417007e-03
6.268441211432218552e-03
5.292533896863460541e-03
5.329915788024663925e-03
5.688150878995656967e-03
5.771961528807878494e-03
5.384554155170917511e-03
5.519119556993246078e-03
5.493336822837591171e-03
6.171258632093667984e-03
5.623861681669950485e-03
5.485937930643558502e-03
5.214942619204521179e-03
5.439053755253553391e-03
5.281344987452030182e-03
5.276522599160671234e-03
5.655306857079267502e-03
5.312086548656225204e-03
5.461360793560743332e-03
5.265983752906322479e-03
5.470420699566602707e-03
5.438452586531639099e-03
5.340223666280508041e-03
6.287198048084974289e-03
5.345891229808330536e-03
5.369418300688266754e-03
5.289208143949508667e-03
5.351106636226177216e-03
5.420697852969169617e-03
5.365283694118261337e-03
5.550397560000419617e-03
5.436137784272432327e-03
5.262099206447601318e-03
5.907901097089052200e-03
5.569544155150651932e-03
5.526090972125530243e-03
5.357141140848398209e-03
5.439026746898889542e-03
5.497099831700325012e-03
5.935014225542545319e-03
5.776819773018360138e-03
5.221713799983263016e-03
5.859897006303071976e-03
5.171426106244325638e-03
5.933475214987993240e-03
5.319349467754364014e-03
5.212794523686170578e-03
5.791036412119865417e-03
5.617310758680105209e-03
5.457679275423288345e-03
5.838065873831510544e-03
5.259337835013866425e-03
5.469237919896841049e-03
5.170489195734262466e-03
5.233009811490774155e-03
5.242647137492895126e-03
5.255075171589851379e-03
5.556840449571609497e-03
5.224574822932481766e-03
5.271734669804573059e-03
5.505035631358623505e-03
5.677581299096345901e-03
5.249345209449529648e-03
5.125904921442270279e-03
5.387596320360898972e-03
5.337538663297891617e-03
6.035469006747007370e-03
5.365783348679542542e-03
5.244505126029253006e-03
5.042679607868194580e-03
5.054115783423185349e-03
5.203850101679563522e-03
5.650106817483901978e-03
5.209468770772218704e-03
5.237023811787366867e-03
5.218315869569778442e-03
5.420143716037273407e-03
5.443581845611333847e-03
5.038232076913118362e-03
4.932321142405271530e-03
5.114968866109848022e-03
5.070694722235202789e-03
5.142701789736747742e-03
5.265983287245035172e-03
5.466539878398180008e-03
5.292849615216255188e-03
5.553083494305610657e-03
5.320435389876365662e-03
5.100865848362445831e-03
6.247524637728929520e-03
5.431168247014284134e-03
5.074457265436649323e-03
4.945997148752212524e-03
5.035672802478075027e-03
5.366737954318523407e-03
5.093385465443134308e-03
5.079718772321939468e-03
5.207212176173925400e-03
5.444721784442663193e-03
5.104954820126295090e-03
5.011877510696649551e-03
5.666035693138837814e-03
5.308111663907766342e-03
5.092557054013013840e-03
5.123188719153404236e-03
5.073348525911569595e-03
5.061749368906021118e-03
5.027859937399625778e-03
5.353744141757488251e-03
5.185636226087808609e-03
4.962338600307703018e-03
5.266582127660512924e-03
5.029135849326848984e-03
5.802494939416646957e-03
5.139249842613935471e-03
4.918859340250492096e-03
5.193522665649652481e-03
5.240803584456443787e-03
5.128880962729454041e-03
5.095517728477716446e-03
5.297407042235136032e-03
5.024669691920280457e-03
5.409754347056150436e-03
5.002910271286964417e-03
5.415116902440786362e-03
5.131812300533056259e-03
5.000326316803693771e-03
5.108996760100126266e-03
5.230839364230632782e-03
5.040691234171390533e-03
5.081260576844215393e-03
5.131396465003490448e-03
5.516057368367910385e-03
4.923928529024124146e-03
5.054290872067213058e-03
5.036044400185346603e-03
5.941490177065134048e-03
5.345672834664583206e-03
4.858639556914567947e-03
4.920945502817630768e-03
5.239235702902078629e-03
4.937200341373682022e-03
5.080593749880790710e-03
5.079996772110462189e-03
5.049110390245914459e-03
5.285939201712608337e-03
5.172184202820062637e-03
4.992950707674026489e-03
5.245143547654151917e-03
5.084825213998556137e-03
5.023791920393705368e-03
5.330309271812438965e-03
5.075314082205295563e-03
5.274366121739149094e-03
4.945584107190370560e-03
5.069064907729625702e-03
4.887461662292480469e-03
5.139756947755813599e-03
4.927665460854768753e-03
4.970297683030366898e-03
5.072982516139745712e-03
5.036821588873863220e-03
4.888733848929405212e-03
5.226130131632089615e-03
4.941530525684356689e-03
5.831303074955940247e-03
4.976150579750537872e-03
5.199796054512262344e-03
5.223790183663368225e-03
4.926374182105064392e-03
4.865515977144241333e-03
5.059515126049518585e-03
5.103695206344127655e-03
5.140359047800302505e-03
4.941811785101890564e-03
4.905011039227247238e-03
4.830633755773305893e-03
5.014557391405105591e-03
4.797569476068019867e-03
5.008050706237554550e-03
4.851474426686763763e-03
4.859883338212966919e-03
4.992088302969932556e-03
5.006471648812294006e-03
4.813179373741149902e-03
5.117316730320453644e-03
5.234631244093179703e-03
4.947258159518241882e-03
4.789506550878286362e-03
5.201916676014661789e-03
4.922946915030479431e-03
5.112152080982923508e-03
4.843831527978181839e-03
4.698595497757196426e-03
5.440078210085630417e-03
4.828820936381816864e-03
5.199504084885120392e-03
4.818272311240434647e-03
5.042635835707187653e-03
4.950644448399543762e-03
5.459195934236049652e-03
4.954889416694641113e-03
4.878045525401830673e-03
4.915584344416856766e-03
4.762007389217615128e-03
5.007266532629728317e-03
4.912166856229305267e-03
4.980397876352071762e-03
5.257169716060161591e-03
4.906028509140014648e-03
4.712468013167381287e-03
4.779173526912927628e-03
4.855893086642026901e-03
4.698129370808601379e-03
5.161790642887353897e-03
5.181835964322090149e-03
4.920883569866418839e-03
4.714860115200281143e-03
5.227698478847742081e-03
4.833475686609745026e-03
4.726339597254991531e-03
4.780176561325788498e-03
4.920521285384893417e-03
4.637102130800485611e-03
4.567214287817478180e-03
5.093802697956562042e-03
4.870183300226926804e-03
4.755173344165086746e-03
5.002043675631284714e-03
4.973761737346649170e-03
4.678493365645408630e-03
4.830085672438144684e-03
4.890558309853076935e-03
4.811182618141174316e-03
5.051321350038051605e-03
4.824448376893997192e-03
5.056120455265045166e-03
4.943270701915025711e-03
4.794341512024402618e-03
4.875709768384695053e-03
4.654716234654188156e-03
4.565122537314891815e-03
5.130440928041934967e-03
4.564338363707065582e-03
4.684641491621732712e-03
4.847961477935314178e-03
4.837865475565195084e-03
4.789706785231828690e-03
4.992835689336061478e-03
4.982298240065574646e-03
4.666450433433055878e-03
4.517641384154558182e-03
4.743630997836589813e-03
4.594209138303995132e-03
4.928175825625658035e-03
4.720038268715143204e-03
6.965339183807373047e-03
5.228014197200536728e-03
4.687400534749031067e-03
4.848405253142118454e-03
4.856846760958433151e-03
5.123203620314598083e-03
4.910896532237529755e-03
5.013716407120227814e-03
4.649836570024490356e-03
4.816149361431598663e-03
4.756412934511899948e-03
4.644858650863170624e-03
4.751120228320360184e-03
4.771715030074119568e-03
4.658360499888658524e-03
4.792708903551101685e-03
4.746650345623493195e-03
4.797486588358879089e-03
5.031149368733167648e-03
4.830924794077873230e-03
4.800362978130578995e-03
4.801966249942779541e-03
4.671333823353052139e-03
4.822549410164356232e-03
4.512520972639322281e-03
4.625023342669010162e-03
5.109096877276897430e-03
4.708007443696260452e-03
4.629746545106172562e-03
4.651676863431930542e-03
5.608608480542898178e-03
4.729875363409519196e-03
4.566140938550233841e-03
4.849506076425313950e-03
5.210891366004943848e-03
4.685771185904741287e-03
4.718055482953786850e-03
4.602894652634859085e-03
4.625721834599971771e-03
4.698915872722864151e-03
4.692450631409883499e-03
4.605998285114765167e-03
4.784612450748682022e-03
4.525708034634590149e-03
4.524711985141038895e-03
5.316569469869136810e-03
4.814101383090019226e-03
4.675982054322957993e-03
4.758800379931926727e-03
4.732732661068439484e-03
4.604167304933071136e-03
4.860655404627323151e-03
5.168346688151359558e-03
4.517263267189264297e-03
5.062905140221118927e-03
4.676279146224260330e-03
4.637415055185556412e-03
4.952311515808105469e-03
4.575826693326234818e-03
4.389912355691194534e-03
4.569556098431348801e-03
4.438468255102634430e-03
4.818395711481571198e-03
4.741592798382043839e-03
4.670185036957263947e-03
4.561923909932374954e-03
4.472639877349138260e-03
4.615015350282192230e-03
4.629458766430616379e-03
4.745126236230134964e-03
4.664563573896884918e-03
5.070859566330909729e-03
5.118491593748331070e-03
4.604160785675048828e-03
4.739836789667606354e-03
4.583745729178190231e-03
4.490269813686609268e-03
4.481565207242965698e-03
4.576699342578649521e-03
4.548535216599702835e-03
4.639325197786092758e-03
4.529872909188270569e-03
4.815654829144477844e-03
4.594538826495409012e-03
4.538638051599264145e-03
4.590325988829135895e-03
5.411038640886545181e-03
4.820628091692924500e-03
4.543622024357318878e-03
4.809838254004716873e-03
4.811294842511415482e-03
4.466549959033727646e-03
4.528927151113748550e-03
4.476493690162897110e-03
4.845828283578157425e-03
4.647275898605585098e-03
4.648134112358093262e-03
4.805295262485742569e-03
4.623154643923044205e-03
4.467007704079151154e-03
4.322790075093507767e-03
4.570779390633106232e-03
4.386011511087417603e-03
4.517013207077980042e-03
4.493121523410081863e-03
4.527604673057794571e-03
4.568472970277070999e-03
4.703464452177286148e-03
4.817091859877109528e-03
4.567513242363929749e-03
4.520978778600692749e-03
4.481891170144081116e-03
4.797026515007019043e-03
4.636992234736680984e-03
4.733659327030181885e-03
4.435071721673011780e-03
4.426019731909036636e-03
4.581253509968519211e-03
4.647376015782356262e-03
4.627583082765340805e-03
4.886966664344072342e-03
4.649807699024677277e-03
4.469465930014848709e-03
4.480618983507156372e-03
4.344936925917863846e-03
4.713153000921010971e-03
4.470783751457929611e-03
4.739842377603054047e-03
4.751094616949558258e-03
4.428100306540727615e-03
4.366328474134206772e-03
4.429648630321025848e-03
4.749481100589036942e-03
4.485170822590589523e-03
4.526564385741949081e-03
4.330769181251525879e-03
4.802154842764139175e-03
4.837946500629186630e-03
4.299696534872055054e-03
4.501495044678449631e-03
4.715347196906805038e-03
4.534268286079168320e-03
4.736332688480615616e-03
4.963566083461046219e-03
5.028471350669860840e-03
4.689770285040140152e-03
4.387288819998502731e-03
4.453942179679870605e-03
4.425126593559980392e-03
4.388237372040748596e-03
4.716070834547281265e-03
4.650187212973833084e-03
4.602118860930204391e-03
4.383530467748641968e-03
4.370184615254402161e-03
4.487874452024698257e-03
4.267358686774969101e-03
4.686934873461723328e-03
5.015027709305286407e-03
4.510678816586732864e-03
4.520899150520563126e-03
4.668262787163257599e-03
5.212383344769477844e-03
4.367016255855560303e-03
4.469902254641056061e-03
4.294753540307283401e-03
4.139001481235027313e-03
4.381305072456598282e-03
4.388392902910709381e-03
4.713803995400667191e-03
4.788520745933055878e-03
4.443377256393432617e-03
4.372730851173400879e-03
4.486009944230318069e-03
4.343498032540082932e-03
4.555046558380126953e-03
4.235613625496625900e-03
4.344347864389419556e-03
4.257379565387964249e-03
4.192910622805356979e-03
4.489256069064140320e-03
4.660742823034524918e-03
4.409770015627145767e-03
4.694852046668529510e-03
4.778327886015176773e-03
4.373612813651561737e-03
4.443706944584846497e-03
4.570141900330781937e-03
4.191597457975149155e-03
4.301459528505802155e-03
5.158054642379283905e-03
4.430218134075403214e-03
4.707595799118280411e-03
4.695353098213672638e-03
4.770991858094930649e-03
4.473609849810600281e-03
4.760550335049629211e-03
4.595179110765457153e-03
4.455440677702426910e-03
4.423567559570074081e-03
4.358508624136447906e-03
4.395004361867904663e-03
4.506789147853851318e-03
4.312178120017051697e-03
4.551505204290151596e-03
4.410148132592439651e-03
4.548513796180486679e-03
4.364463966339826584e-03
4.423012491315603256e-03
4.338371567428112030e-03
4.368449095636606216e-03
4.286090843379497528e-03
4.235872998833656311e-03
4.738010931760072708e-03
4.205857403576374054e-03
4.314646590501070023e-03
4.763312637805938721e-03
4.269654396921396255e-03
4.470520652830600739e-03
4.461578093469142914e-03
4.309468902647495270e-03
4.494382999837398529e-03
4.375862423330545425e-03
4.835325758904218674e-03
4.199917893856763840e-03
4.236065316945314407e-03
4.342339001595973969e-03
4.238286055624485016e-03
4.588893149048089981e-03
4.177457187324762344e-03
4.380392841994762421e-03
4.575556609779596329e-03
4.382769577205181122e-03
4.345361609011888504e-03
4.681827500462532043e-03
4.441057331860065460e-03
4.283597692847251892e-03
4.319746047258377075e-03
4.806516692042350769e-03
4.079273436218500137e-03
4.354906268417835236e-03
4.094078205525875092e-03
4.325551446527242661e-03
4.817665554583072662e-03
4.350584931671619415e-03
4.319312982261180878e-03
4.276260267943143845e-03
4.357010126113891602e-03
4.428979940712451935e-03
4.198333248496055603e-03
4.758859984576702118e-03
4.522104747593402863e-03
4.610696341842412949e-03
4.463148768991231918e-03
4.453209228813648224e-03
4.188205115497112274e-03
4.148080945014953613e-03
4.319261293858289719e-03
4.597285296767950058e-03
4.246360622346401215e-03
4.563697613775730133e-03
4.190317355096340179e-03
4.847443196922540665e-03
4.291996825486421585e-03
4.630332812666893005e-03
4.415938630700111389e-03
4.151827190071344376e-03
4.246676806360483170e-03
4.183232784271240234e-03
4.281400237232446671e-03
4.177576396614313126e-03
4.311468917876482010e-03
4.278677981346845627e-03
4.652106203138828278e-03
4.244633484631776810e-03
4.608415998518466949e-03
4.104876890778541565e-03
4.742985125631093979e-03
4.287394694983959198e-03
4.486252088099718094e-03
4.418401513248682022e-03
4.372221417725086212e-03
4.407322034239768982e-03
4.140963777899742126e-03
4.219362512230873108e-03
4.780878778547048569e-03
4.493845161050558090e-03
4.235353786498308182e-03
4.398271907120943069e-03
4.132641013711690903e-03
4.218813497573137283e-03
4.269324243068695068e-03
4.156141076236963272e-03
4.375038668513298035e-03
4.216139670461416245e-03
4.462553188204765320e-03
4.413472488522529602e-03
4.112903960049152374e-03
4.246687982231378555e-03
4.254041239619255066e-03
4.496781155467033386e-03
4.487256985157728195e-03
3.969942219555377960e-03
4.579962696880102158e-03
4.158944357186555862e-03
4.334336146712303162e-03
4.380572121590375900e-03
4.389721900224685669e-03
4.401130601763725281e-03
4.202784504741430283e-03
4.541777539998292923e-03
4.236519802361726761e-03
4.266567062586545944e-03
4.004421178251504898e-03
4.246539901942014694e-03
4.189441911876201630e-03
4.307458177208900452e-03
4.487066995352506638e-03
4.269163589924573898e-03
4.420394077897071838e-03
4.084438085556030273e-03
4.710153210908174515e-03
4.297647625207901001e-03
4.213103558868169785e-03
4.151186905801296234e-03
4.304419737309217453e-03
4.325134214013814926e-03
4.140328150242567062e-03
4.392992239445447922e-03
4.661177285015583038e-03
4.054755903780460358e-03
4.192953463643789291e-03
4.075129516422748566e-03
4.505815450102090836e-03
4.609577357769012451e-03
4.276365973055362701e-03
4.118490964174270630e-03
4.453740548342466354e-03
4.097637254744768143e-03
4.147319588810205460e-03
4.401166923344135284e-03
4.185570869594812393e-03
4.208956845104694366e-03
4.172758199274539948e-03
4.392643924802541733e-03
4.013954196125268936e-03
4.324341192841529846e-03
4.326287657022476196e-03
4.179470241069793701e-03
4.263452254235744476e-03
4.319924395531415939e-03
4.334918688982725143e-03
4.079130478203296661e-03
4.154079128056764603e-03
3.974915947765111923e-03
4.076171200722455978e-03
4.205346573144197464e-03
4.056482575833797455e-03
4.113351460546255112e-03
4.255286883562803268e-03
4.147538449615240097e-03
4.441292025148868561e-03
4.147710278630256653e-03
4.210169427096843719e-03
4.242404364049434662e-03
4.168832208961248398e-03
4.145546350628137589e-03
3.991202916949987411e-03
4.332612734287977219e-03
4.582255147397518158e-03
4.030442330986261368e-03
4.002031404525041580e-03
4.134555347263813019e-03
4.217527341097593307e-03
4.257566761225461960e-03
4.172071814537048340e-03
4.073737189173698425e-03
4.306809976696968079e-03
4.618870094418525696e-03
4.382506944239139557e-03
4.140614997595548630e-03
4.135806113481521606e-03
4.121840000152587891e-03
4.230066202580928802e-03
4.074579570442438126e-03
4.553193692117929459e-03
4.039932508021593094e-03
4.145315848290920258e-03
4.251655191183090210e-03
4.117714706808328629e-03
4.164662677794694901e-03
4.153491929173469543e-03
4.353610798716545105e-03
4.264036193490028381e-03
4.234257154166698456e-03
4.161383491009473801e-03
4.290475510060787201e-03
4.192123655229806900e-03
4.220220725983381271e-03
4.210168961435556412e-03
3.827684093266725540e-03
4.142560064792633057e-03
4.204696509987115860e-03
4.282603971660137177e-03
4.063212312757968903e-03
4.157788585871458054e-03
4.532109014689922333e-03
4.519375972449779510e-03
4.156334791332483292e-03
4.418742842972278595e-03
3.963459748774766922e-03
4.438888747245073318e-03
4.353697877377271652e-03
4.008606541901826859e-03
4.035187885165214539e-03
4.243736620992422104e-03
4.079602658748626709e-03
4.140455275774002075e-03
4.528922028839588165e-03
4.008923657238483429e-03
4.136350005865097046e-03
4.060965962707996368e-03
4.019021056592464447e-03
4.164349753409624100e-03
4.091479815542697906e-03
4.447366110980510712e-03
4.045397043228149414e-03
4.179308656603097916e-03
4.082503728568553925e-03
4.059467464685440063e-03
4.343213513493537903e-03
4.064706619828939438e-03
4.025493748486042023e-03
4.119087941944599152e-03
4.199784249067306519e-03
4.200838040560483932e-03
4.088872112333774567e-03
4.216145258396863937e-03
4.235034808516502380e-03
4.218476824462413788e-03
4.209970589727163315e-03
4.014150705188512802e-03
4.161570221185684204e-03
4.027779679745435715e-03
4.122424405068159103e-03
4.274648614227771759e-03
4.389436915516853333e-03
3.825787222012877464e-03
4.166643135249614716e-03
4.018412902951240540e-03
4.529645200818777084e-03
4.117658361792564392e-03
4.218853544443845749e-03
3.979762550443410873e-03
4.660177510231733322e-03
4.018655512481927872e-03
3.859105752781033516e-03
4.324055742472410202e-03
4.103790968656539917e-03
3.990175668150186539e-03
4.139391705393791199e-03
4.020947031676769257e-03
4.187443759292364120e-03
3.971556667238473892e-03
4.180967342108488083e-03
3.830891102552413940e-03
3.858209820464253426e-03
4.015267360955476761e-03
4.331011325120925903e-03
4.097040742635726929e-03
4.359477199614048004e-03
3.903289791196584702e-03
4.111215472221374512e-03
4.001469351351261139e-03
3.930340055376291275e-03
3.952634986490011215e-03
4.063594155013561249e-03
4.013885278254747391e-03
4.127384163439273834e-03
4.081962630152702332e-03
3.936605527997016907e-03
4.387354012578725815e-03
4.615148529410362244e-03
3.962700720876455307e-03
3.953861538320779800e-03
3.986388910561800003e-03
3.957522101700305939e-03
4.278865642845630646e-03
4.304030910134315491e-03
3.997559193521738052e-03
3.874967340379953384e-03
4.119128920137882233e-03
4.104267340153455734e-03
3.947144374251365662e-03
4.022138658910989761e-03
4.318020306527614594e-03
3.925133030861616135e-03
4.057785030454397202e-03
4.795299842953681946e-03
4.658157471567392349e-03
4.322884138673543930e-03
4.078657366335391998e-03
4.044082481414079666e-03
3.871839493513107300e-03
3.900205250829458237e-03
3.941121045500040054e-03
3.897166810929775238e-03
3.983030561357736588e-03
4.264995921403169632e-03
4.210696555674076080e-03
4.078035708516836166e-03
3.798279678449034691e-03
3.905349643900990486e-03
4.291838034987449646e-03
3.887967905029654503e-03
3.963038790971040726e-03
3.908419515937566757e-03
3.890726016834378242e-03
4.213375970721244812e-03
3.917460795491933823e-03
4.034053534269332886e-03
4.011065699160099030e-03
3.963256720453500748e-03
4.420961719006299973e-03
4.198919981718063354e-03
3.803332336246967316e-03
3.986889962106943130e-03
4.317916464060544968e-03
3.894923022016882896e-03
3.942408598959445953e-03
4.273319616913795471e-03
4.041921347379684448e-03
4.061115439981222153e-03
4.056795500218868256e-03
3.978186286985874176e-03
4.141832701861858368e-03
3.987843636423349380e-03
3.968574106693267822e-03
3.949994221329689026e-03
3.961699549108743668e-03
4.057355690747499466e-03
4.266042727977037430e-03
3.971110563725233078e-03
3.927095327526330948e-03
4.072057548910379410e-03
3.749673021957278252e-03
3.891936037689447403e-03
4.046495072543621063e-03
4.124558530747890472e-03
3.670959034934639931e-03
4.012335557490587234e-03
4.073406569659709930e-03
4.123643040657043457e-03
4.094677045941352844e-03
4.002775531262159348e-03
3.810720751062035561e-03
3.895414527505636215e-03
3.957318142056465149e-03
4.052937030792236328e-03
4.059206228703260422e-03
3.909025806933641434e-03
4.081069957464933395e-03
4.082879051566123962e-03
4.017548635601997375e-03
3.862495999783277512e-03
3.936502616852521896e-03
3.713906276971101761e-03
3.735324833542108536e-03
4.250850994139909744e-03
3.914158791303634644e-03
3.885017707943916321e-03
3.823031671345233917e-03
3.919640090316534042e-03
4.681787919253110886e-03
3.873035311698913574e-03
3.896287409588694572e-03
4.021295346319675446e-03
3.833484603092074394e-03
3.962465096265077591e-03
4.478530492633581161e-03
3.753167344257235527e-03
4.059628583490848541e-03
4.055051133036613464e-03
3.721185028553009033e-03
4.228109028190374374e-03
3.993047866970300674e-03
3.994650207459926605e-03
4.136295057833194733e-03
3.918416798114776611e-03
3.913015127182006836e-03
3.892195876687765121e-03
3.999420907348394394e-03
3.815241390839219093e-03
4.054639488458633423e-03
3.881930606439709663e-03
3.806666936725378036e-03
3.901933087036013603e-03
4.032129421830177307e-03
4.232020583003759384e-03
3.965355921536684036e-03
4.181746859103441238e-03
3.987171221524477005e-03
3.789307083934545517e-03
3.723905188962817192e-03
3.976428881287574768e-03
3.719709813594818115e-03
4.101215861737728119e-03
3.854118753224611282e-03
3.886886872351169586e-03
4.338925238698720932e-03
4.021581262350082397e-03
3.819871461018919945e-03
4.164636600762605667e-03
4.095281008630990982e-03
4.003880545496940613e-03
3.828232642263174057e-03
4.067159723490476608e-03
4.067582543939352036e-03
3.937893081456422806e-03
3.791538067162036896e-03
3.628266043961048126e-03
4.152251873165369034e-03
3.932348452508449554e-03
4.322867840528488159e-03
3.977250773459672928e-03
3.886517137289047241e-03
4.174140747636556625e-03
3.816798795014619827e-03
4.027389455586671829e-03
3.731201868504285812e-03
3.963680937886238098e-03
4.038086161017417908e-03
3.880506148561835289e-03
4.175412002950906754e-03
3.846578299999237061e-03
3.830504603683948517e-03
3.741928376257419586e-03
3.822175320237874985e-03
4.281009081751108170e-03
3.871241118758916855e-03
3.956352360546588898e-03
3.773953532800078392e-03
3.768068971112370491e-03
3.873180132359266281e-03
3.970513585954904556e-03
3.898335387930274010e-03
4.199629649519920349e-03
4.182612989097833633e-03
3.795689204707741737e-03
4.027418792247772217e-03
3.815890289843082428e-03
3.903743578121066093e-03
4.045378882437944412e-03
3.739363746717572212e-03
3.859026124700903893e-03
4.019590560346841812e-03
3.764581633731722832e-03
3.891279920935630798e-03
3.716928651556372643e-03
4.172269720584154129e-03
4.026449285447597504e-03
3.821627004072070122e-03
4.068058915436267853e-03
3.899561939761042595e-03
3.911972045898437500e-03
3.946578595787286758e-03
3.841130062937736511e-03
3.896376816555857658e-03
3.800229402258992195e-03
3.845721483230590820e-03
3.837156109511852264e-03
3.823762759566307068e-03
3.738792613148689270e-03
4.585034213960170746e-03
4.254370462149381638e-03
4.012876190245151520e-03
3.835916286334395409e-03
4.444354213774204254e-03
3.732626792043447495e-03
4.199629649519920349e-03
3.866333281621336937e-03
3.968537319451570511e-03
3.699472639709711075e-03
3.857722505927085876e-03
3.894004737958312035e-03
3.774612443521618843e-03
3.875403665006160736e-03
3.837961703538894653e-03
3.774199634790420532e-03
4.416893236339092255e-03
3.819851903244853020e-03
3.948404919356107712e-03
3.679981455206871033e-03
3.900104202330112457e-03
3.886626567691564560e-03
4.219089634716510773e-03
3.861035453155636787e-03
3.955170512199401855e-03
3.833119990304112434e-03
3.647805424407124519e-03
4.111270420253276825e-03
3.616095287725329399e-03
3.793731331825256348e-03
3.622495802119374275e-03
3.891872940585017204e-03
3.712144680321216583e-03
4.294985905289649963e-03
3.652629908174276352e-03
4.066670313477516174e-03
3.725252579897642136e-03
3.880652133375406265e-03
3.635032568126916885e-03
3.755282843485474586e-03
3.906595520675182343e-03
3.832725808024406433e-03
4.375142976641654968e-03
3.715994767844676971e-03
4.038109444081783295e-03
4.078761208802461624e-03
4.091345705091953278e-03
3.907201346009969711e-03
3.781239036470651627e-03
3.619861090555787086e-03
3.812499577179551125e-03
3.863699268549680710e-03
3.746418748050928116e-03
4.020027350634336472e-03
3.941871225833892822e-03
3.824015846475958824e-03
3.844732651486992836e-03
4.080776125192642212e-03
3.794001415371894836e-03
3.762928070500493050e-03
3.982956986874341965e-03
3.796519711613655090e-03
4.069887101650238037e-03
3.858644748106598854e-03
3.787908470258116722e-03
3.786450717598199844e-03
3.647863632068037987e-03
3.774206852540373802e-03
3.683121874928474426e-03
3.912710584700107574e-03
3.788041183724999428e-03
3.793360665440559387e-03
3.693158738315105438e-03
4.029943142086267471e-03
3.848071675747632980e-03
3.734953934326767921e-03
3.985787741839885712e-03
3.800646634772419930e-03
4.242365248501300812e-03
3.534593386575579643e-03
3.961571957916021347e-03
4.760558716952800751e-03
3.783479100093245506e-03
3.732923883944749832e-03
3.980977460741996765e-03
3.940756432712078094e-03
3.821381833404302597e-03
3.626809222623705864e-03
4.396884702146053314e-03
3.720793174579739571e-03
3.518541576340794563e-03
3.864286933094263077e-03
3.886545775458216667e-03
3.683088347315788269e-03
3.728880314156413078e-03
3.778405021876096725e-03
3.632727079093456268e-03
3.693408798426389694e-03
3.973515704274177551e-03
4.168745130300521851e-03
3.677095752209424973e-03
3.765502944588661194e-03
3.816760145127773285e-03
3.616571193560957909e-03
4.480464383959770203e-03
3.723779693245887756e-03
3.716572187840938568e-03
4.032563418149948120e-03
3.693527076393365860e-03
3.608423052355647087e-03
3.805910237133502960e-03
3.948674071580171585e-03
3.794698975980281830e-03
3.683091374114155769e-03
4.015603102743625641e-03
4.409355111420154572e-03
3.686821553856134415e-03
3.810756606981158257e-03
3.762019332498311996e-03
4.070524591952562332e-03
3.862688550725579262e-03
3.945849370211362839e-03
3.730583004653453827e-03
3.792671253904700279e-03
3.736139973625540733e-03
3.922612406313419342e-03
4.016945604234933853e-03
3.920848947018384933e-03
3.891550004482269287e-03
3.886489663273096085e-03
3.935802262276411057e-03
3.710804041475057602e-03
3.642956027761101723e-03
3.852810943499207497e-03
3.857736941426992416e-03
3.757809055969119072e-03
3.731235396116971970e-03
3.719391999766230583e-03
3.889538347721099854e-03
3.540962934494018555e-03
4.308966919779777527e-03
3.926495090126991272e-03
3.810445778071880341e-03
3.807902103289961815e-03
3.822689177468419075e-03
3.769792849197983742e-03
3.986790310591459274e-03
3.971531521528959274e-03
4.143177997320890427e-03
3.735066391527652740e-03
3.685619449242949486e-03
3.687581745907664299e-03
3.730731084942817688e-03
3.540049307048320770e-03
3.969630692154169083e-03
3.746535861864686012e-03
4.303837660700082779e-03
3.944332245737314224e-03
3.543753176927566528e-03
3.608338767662644386e-03
3.743876470252871513e-03
3.698749002069234848e-03
3.968337550759315491e-03
3.776278812438249588e-03
3.624354256317019463e-03
3.914675209671258926e-03
3.867562161758542061e-03
4.123097751289606094e-03
3.812019713222980499e-03
3.961743321269750595e-03
4.115385934710502625e-03
3.607476595789194107e-03
3.760153660550713539e-03
3.821368096396327019e-03
3.609864739701151848e-03
3.653744002804160118e-03
3.637350630015134811e-03
3.676457563415169716e-03
3.567025298252701759e-03
3.767339512705802917e-03
3.790552262216806412e-03
3.813844406977295876e-03
3.939769696444272995e-03
3.807235974818468094e-03
3.678098320960998535e-03
3.691470716148614883e-03
3.577927593141794205e-03
3.709108335897326469e-03
3.631031606346368790e-03
3.619714640080928802e-03
3.774215234443545341e-03
3.534813877195119858e-03
3.757170634344220161e-03
3.770961426198482513e-03
3.901482326909899712e-03
4.093058407306671143e-03
3.735625185072422028e-03
3.917235881090164185e-03
3.858658485114574432e-03
3.694809274747967720e-03
3.938650246709585190e-03
3.692447440698742867e-03
3.507762914523482323e-03
4.064620472490787506e-03
3.562930971384048462e-03
3.642668481916189194e-03
3.639445174485445023e-03
3.764779772609472275e-03
3.623170778155326843e-03
3.859522519633173943e-03
3.751612966880202293e-03
3.815609263256192207e-03
3.922643605619668961e-03
4.308943636715412140e-03
3.721122397109866142e-03
3.664885880425572395e-03
3.638531081378459930e-03
3.670374397188425064e-03
3.827099921181797981e-03
3.529847599565982819e-03
3.548362059518694878e-03
3.591031068935990334e-03
3.859062446281313896e-03
3.623240161687135696e-03
3.644224489107728004e-03
3.910860512405633926e-03
3.599664429202675819e-03
3.575201146304607391e-03
3.658195957541465759e-03
3.827492939308285713e-03
3.741473425179719925e-03
